%mem=28GB
%NProcShared=6
#P wb97xd/def2svp
# SCF=(xqc)
# POpt=(CALCFC,TS,NOEIGEN,MAXCYCLES=60)
# int=ultrafine

comment: 

0 2
C  
C  1    R1 
C  1    R2  2    A2 
H  1    R3  2    A3  3    D3 
O  3    R4  1    A4  2    D4 
H  3    R5  1    A5  5    D5 
O  5    R6  3    A6  1    D6 
C  2    R7  1    A7  3    D7 
H  2    R8  1    A8  8    D8 
C  8    R9  2    A9  1    D9 
H  8   R10  2   A10  10   D10 
H  10   R11  8   A11  2   D11 
H  10   R12  8   A12  12   D12 
H  7   R13  5   A13  3   D13 
  Variables:
R1   =   1.413301
R2   =   1.488659
R3   =   1.089860
R4   =   1.360833
R5   =   1.106157
R6   =   2.100000
R7   =   1.370225
R8   =   1.090629
R9   =   1.500098
R10  =   1.092089
R11  =   1.100028
R12  =   1.104337
R13  =   0.970674
A2   = 109.872989
A3   = 126.560339
A4   =  95.683985
A5   = 115.784784
A6   = 101.436501
A7   = 109.712032
A8   = 124.791468
A9   = 111.237786
A10  = 124.761735
A11  = 113.607807
A12  = 110.536050
A13  =  84.163710
D3   = 171.540276
D4   = 102.421418
D5   = 119.493575
D6   = 179.908741
D7   =   9.231047
D8   = 178.592725
D9   = 359.256500
D10  = 179.100975
D11  = 234.843209
D12  = 239.381750
D13  = 175.454590

