%mem=28GB
%NProcShared=6
#P wb97xd/def2svp
# SCF=(xqc)
# POpt=(CALCFC,TS,NOEIGEN,MAXCYCLES=60)
# int=ultrafine

comment: 

0 2
C  
C  1    R1 
H  1    R2  2    A2 
C  2    R3  1    A3  3    D3 
H  2    R4  1    A4  4    D4 
C  4    R5  2    A5  1    D5 
H  4    R6  2    A6  6    D6 
H  4    R7  2    A7  6    D7 
C  6    R8  4    A8  2    D8 
H  6    R9  4    A9  9    D9 
H  6   R10  4   A10  9   D10 
H  9   R11  6   A11  4   D11 
H  9   R12  6   A12  12   D12 
X  5   R13  2   A13  1   D13 
O  5   R14  14   A14  2   D14 
H  15   R15  5   A15  14   D15 
  Variables:
R1   =   1.329400
R2   =   1.091400
R3   =   1.503000
R4   =   1.240400
R5   =   1.548200
R6   =   1.100300
R7   =   1.104600
R8   =   1.546800
R9   =   1.100600
R10  =   1.099200
R11  =   1.101200
R12  =   1.105100
R14  =   1.247100
R15  =   0.969800
A2   = 125.462000
A3   = 114.248200
A4   = 122.920400
A5   = 101.427700
A6   = 113.207300
A7   = 110.462800
A8   = 105.970700
A9   = 108.855300
A10  = 112.690000
A11  = 112.527300
A12  = 111.961000
A14  =  80.476800
A15  =  98.962500
D3   = 176.642600
D4   = 180.254600
D5   =  14.215200
D6   = 121.229600
D7   = 240.900200
D8   = 339.118500
D9   = 117.242800
D10  = 236.048900
D11  = 142.811200
D12  = 119.849600
D14  = 195.700300
D15  =  85.192000
  Constants:
R13  =   1.000000
A13  =  90.000000
D13  =  23.606900

