%mem=28GB
%NProcShared=6
#P wb97xd/def2svp
# SCF=(xqc)
# POpt=(CALCFC,TS,NOEIGEN,MAXCYCLES=60)
# int=ultrafine

comment: 

0 2
C  
C  1    R1 
C  1    R2  2    A2 
H  1    R3  2    A3  3    D3 
C  3    R4  1    A4  2    D4 
H  3    R5  1    A5  5    D5 
H  3    R6  1    A6  5    D6 
O  5    R7  3    A7  1    D7 
H  5    R8  3    A8  8    D8 
O  8    R9  5    A9  3    D9 
C  2   R10  1   A10  3   D10 
H  2   R11  1   A11  11   D11 
H  2   R12  1   A12  11   D12 
H  11   R13  2   A13  1   D13 
H  11   R14  2   A14  14   D14 
H  10   R15  8   A15  5   D15 
  Variables:
R1   =   1.485433
R2   =   1.503170
R3   =   1.092267
R4   =   1.858767
R5   =   1.091196
R6   =   1.100092
R7   =   1.432926
R8   =   1.106889
R9   =   1.600000
R10  =   1.536413
R11  =   1.097781
R12  =   1.106208
R13  =   1.100060
R14  =   1.099973
R15  =   0.969718
A2   = 117.867615
A3   = 120.092781
A4   =  73.911547
A5   = 117.265636
A6   = 118.739757
A7   =  95.110971
A8   = 115.278836
A9   = 115.824302
A10  =  98.716231
A11  = 111.563323
A12  = 113.651366
A13  = 115.088361
A14  = 112.898545
A15  =  93.983610
D3   = 192.755083
D4   =  60.787379
D5   = 101.488844
D6   = 250.822470
D7   =  73.911541
D8   = 104.843241
D9   = 269.290131
D10  = 305.586860
D11  = 240.745002
D12  = 118.328757
D13  = 123.512601
D14  = 124.902876
D15  = 232.132933

