C  
C  1    R1 
H  1    R2  2    A2 
C  2    R3  1    A3  3    D3 
H  2    R4  1    A4  4    D4 
C  4    R5  2    A5  1    D5 
H  4    R6  2    A6  6    D6 
H  4    R7  2    A7  6    D7 
C  6    R8  4    A8  2    D8 
H  6    R9  4    A9  9    D9 
H  6   R10  4   A10  9   D10 
H  9   R11  6   A11  4   D11 
H  9   R12  6   A12  12   D12 
O  1   R13  2   A13  3   D13 
H  14   R14  1   A14  2   D14 

R1   =   1.347529
R2   =   1.080981
R3   =   1.502488
R4   =   1.083033
R5   =   1.544581
R6   =   1.096919
R7   =   1.091843
R8   =   1.542863
R9   =   1.090179
R10  =   1.089069
R11  =   1.095969
R12  =   1.089888
R13  =   2.147811
R14  =   0.966923
A2   = 124.798459
A3   = 111.811857
A4   = 124.634720
A5   = 103.208894
A6   = 109.593161
A7   = 112.608616
A8   = 105.344224
A9   = 112.550014
A10  = 108.933931
A11  = 111.854240
A12  = 112.789187
A13  =  87.405020
A14  =  99.809974
D3   = 186.556467
D4   = 178.393364
D5   = 349.088009
D6   = 119.395224
D7   = 238.261322
D8   =  20.745499
D9   = 123.144916
D10  = 243.393995
D11  =  94.415706
D12  = 121.643625
D13  = 264.793125
D14  =  62.918648