C  
C  0    R1 
O  0    R2  1    A2 
C  1    R3  0    A3  2    D3 
H  1    R4  0    A4  3    D4 
H  1    R5  0    A5  3    D5 
C  3    R6  1    A6  0    D6 
H  3    R7  1    A7  6    D7 
C  6    R8  3    A8  1    D8 
H  6    R9  3    A9  8    D9 
H  8   R10  6   A10  3   D10 
H  8   R11  6   A11  10   D11 
O  2   R12  0   A12  8   D12 
H  12   R13  2   A13  0   D13 

R1   =   1.444654
R2   =   1.363877
R3   =   1.411878
R4   =   1.090100
R5   =   1.342353
R6   =   1.378291
R7   =   1.090229
R8   =   1.506480
R9   =   1.089871
R10  =   1.108561
R11  =   1.103104
R12  =   1.447694
R13  =   0.966972
A2   = 122.307090
A3   = 108.879378
A4   = 123.627397
A5   =  47.687080
A6   = 110.048949
A7   = 124.365945
A8   = 110.439206
A9   = 125.660800
A10  = 112.129169
A11  = 114.083113
A12  = 108.426689
A13  = 100.851327
D3   = 159.480705
D4   = 176.588192
D5   =  99.035856
D6   = 355.609817
D7   = 176.780079
D8   = 357.988082
D9   = 180.752116
D10  = 251.487239
D11  = 238.852249
D12  =  76.132040
D13  = 104.518734