%mem=28GB
%NProcShared=6
#P wb97xd/def2svp
# SCF=(xqc)
# POpt=(CALCFC,TS,NOEIGEN,MAXCYCLES=60)
# int=ultrafine

comment: 

0 2
C  
C  1    R1 
H  1    R2  2    A2 
C  2    R3  1    A3  3    D3 
H  2    R4  1    A4  4    D4 
H  2    R5  1    A5  4    D5 
C  4    R6  2    A6  1    D6 
H  4    R7  2    A7  7    D7 
C  7    R8  4    A8  2    D8 
O  7    R9  4    A9  9    D9 
H  7   R10  4   A10  9   D10 
H  9   R11  7   A11  4   D11 
O  10   R12  7   A12  9   D12 
H  13   R13  10   A13  7   D13 
  Variables:
R1   =   1.522900
R2   =   1.098100
R3   =   1.499900
R4   =   1.100100
R5   =   1.105900
R6   =   1.371100
R7   =   1.093200
R8   =   2.268900
R9   =   1.363800
R10  =   1.097700
R11  =   1.090200
R12  =   1.436700
R13  =   0.966600
A2   = 119.632100
A3   = 104.781000
A4   = 111.477200
A5   = 109.817400
A6   = 117.256000
A7   = 120.494400
A8   =  85.408600
A9   = 119.066200
A10  = 123.693500
A11  = 128.612900
A12  = 107.081300
A13  =  99.786400
D3   = 165.982100
D4   = 238.802400
D5   = 121.093700
D6   =  46.689300
D7   = 204.262800
D8   = 318.001500
D9   = 244.263900
D10  =  82.385600
D11  = 200.858600
D12  = 152.021100
D13  = 212.277200

