%mem=28GB
%NProcShared=6
#P wb97xd/def2svp
# SCF=(xqc)
# POpt=(CALCFC,TS,NOEIGEN,MAXCYCLES=60)
# int=ultrafine

comment: 

0 2
C  
C  1    R1 
H  1    R2  2    A2 
H  1    R3  2    A3  3    D3 
C  2    R4  1    A4  3    D4 
H  2    R5  1    A5  5    D5 
C  5    R6  2    A6  1    D6 
O  5    R7  2    A7  7    D7 
H  5    R8  2    A8  7    D8 
C  7    R9  5    A9  2    D9 
H  7   R10  5   A10  10   D10 
H  7   R11  5   A11  10   D11 
H  10   R12  7   A12  5   D12 
H  10   R13  7   A13  13   D13 
O  8   R14  5   A14  2   D14 
H  15   R15  8   A15  5   D15 
  Variables:
R1   =   1.347605
R2   =   1.094075
R3   =   1.091581
R4   =   1.451674
R5   =   1.095405
R6   =   2.124615
R7   =   1.374281
R8   =   1.096355
R9   =   1.379440
R10  =   1.094305
R11  =   1.094338
R12  =   1.093106
R13  =   1.092070
R14  =   1.433911
R15  =   0.969213
A2   = 120.905396
A3   = 121.398528
A4   = 124.403217
A5   = 119.664982
A6   = 105.012047
A7   = 117.365597
A8   = 117.633247
A9   = 108.131010
A10  =  90.777082
A11  =  95.822666
A12  = 121.314542
A13  = 120.969388
A14  = 108.072670
A15  = 101.489801
D3   = 179.794283
D4   = 358.904726
D5   = 182.664539
D6   = 268.814708
D7   = 106.908444
D8   = 249.498367
D9   = 184.214099
D10  = 238.668898
D11  = 123.424661
D12  =  90.884665
D13  = 187.140813
D14  =  85.208123
D15  = 273.919372

