%mem=2GB
%NProcShared=8
#P wb97xd/def2svp
# SCF=(xqc)
# POpt=()
# int=ultrafine

comment: 

0 2
C  
C  1    R1 
O  1    R2  2    A2 
C  2    R3  1    A3  3    D3 
H  2    R4  1    A4  4    D4 
H  2    R5  1    A5  4    D5 
C  4    R6  2    A6  1    D6 
H  4    R7  2    A7  7    D7 
C  7    R8  4    A8  2    D8 
H  7    R9  4    A9  9    D9 
H  9   R10  7   A10  4   D10 
H  9   R11  7   A11  11   D11 
O  3   R12  1   A12  9   D12 
H  13   R13  3   A13  1   D13 
  Variables:
R1   =   1.444654
R2   =   1.370600
R3   =   1.405800
R4   =   1.090600
R6   =   1.382400
R7   =   1.090400
R8   =   1.506100
R9   =   1.089900
R10  =   1.107900
R11  =   1.102700
R13  =   0.967300
A2   = 121.959900
A3   = 109.060200
A4   = 123.448200
A5   =  46.026400
A6   = 110.034200
A7   = 124.497000
A8   = 110.310200
A9   = 125.701700
A10  = 112.087800
A11  = 114.092400
A12  = 108.252200
A13  = 101.199600
D3   = 158.387800
D4   = 173.739200
D5   =  99.179200
D6   =  -5.040500
D7   = 176.682500
D8   = 358.072200
D9   = 180.998700
D10  = 252.031600
D11  = 238.695000
D12  =  73.168100
D13  = 100.282100
  Constants:
R5   =   1.342353
R12  =   1.438300

