%mem=28GB
%NProcShared=6
#P wb97xd/def2svp
# SCF=(xqc)
# POpt=(CALCFC,TS,NOEIGEN,MAXCYCLES=60)
# int=ultrafine

comment: 

0 2
C  
C  1    R1 
H  1    R2  2    A2 
C  2    R3  1    A3  3    D3 
H  2    R4  1    A4  4    D4 
H  2    R5  1    A5  4    D5 
C  4    R6  2    A6  1    D6 
H  4    R7  2    A7  7    D7 
H  4    R8  2    A8  7    D8 
C  7    R9  4    A9  2    D9 
H  7   R10  4   A10  10   D10 
H  7   R11  4   A11  10   D11 
H  10   R12  7   A12  4   D12 
O  10   R13  7   A13  13   D13 
O  14   R14  10   A14  1   D14 
H  15   R15  14   A15  10   D15 
  Variables:
R1   =   1.500535
R2   =   1.095687
R3   =   1.556749
R4   =   1.097742
R5   =   1.099520
R6   =   1.509410
R7   =   1.103438
R8   =   1.101585
R9   =   2.248694
R10  =   1.093523
R11  =   1.093831
R12  =   1.095312
R13  =   1.367584
R14  =   1.416632
R15  =   0.965685
A2   = 116.147154
A3   = 103.015643
A4   = 111.834946
A5   = 112.229479
A6   = 109.226652
A7   = 110.797025
A8   = 108.793205
A9   =  97.975943
A10  = 117.802421
A11  = 118.976837
A12  = 112.198399
A13  =  98.588616
A14  = 111.924831
A15  =  99.595201
D3   = 276.539347
D4   = 241.728234
D5   = 119.931574
D6   = 322.887049
D7   = 236.663230
D8   = 119.568420
D9   =  14.493319
D10  = 260.204436
D11  = 114.001904
D12  = 133.099445
D13  = 109.663745
D14  = 333.990543
D15  = 211.874018

