%mem=28GB
%NProcShared=6
#P wb97xd/def2svp
# SCF=(xqc)
# POpt=(CALCFC,TS,NOEIGEN,MAXCYCLES=60)
# int=ultrafine

comment: 

0 2
C  
C  1    R1 
H  1    R2  2    A2 
C  2    R3  1    A3  3    D3 
H  2    R4  1    A4  4    D4 
C  4    R5  2    A5  1    D5 
H  4    R6  2    A6  6    D6 
H  4    R7  2    A7  6    D7 
C  6    R8  4    A8  2    D8 
H  6    R9  4    A9  9    D9 
H  6   R10  4   A10  9   D10 
H  9   R11  6   A11  4   D11 
H  9   R12  6   A12  12   D12 
X  12   R13  9   A13  6   D13 
O  12   R14  14   A14  9   D14 
H  15   R15  12   A15  14   D15 
  Variables:
R1   =   1.336301
R2   =   1.092806
R3   =   1.507685
R4   =   1.092726
R5   =   1.545529
R6   =   1.101760
R7   =   1.104830
R8   =   1.543830
R9   =   1.100158
R10  =   1.098717
R11  =   1.116357
R12  =   1.104430
R14  =   1.821429
R15  =   0.976006
A2   = 124.975939
A3   = 112.045544
A4   = 124.817014
A5   = 103.369751
A6   = 112.840550
A7   = 109.864366
A8   = 105.991379
A9   = 109.776612
A10  = 112.774809
A11  = 111.379784
A12  = 113.535419
A14  = 118.900231
A15  =  89.115717
D3   = 183.206308
D4   = 176.818935
D5   = 348.317998
D6   = 237.985167
D7   = 119.820700
D8   =  16.672663
D9   = 243.063197
D10  = 123.816015
D11  = 224.101609
D12  = 240.901364
D14  = 217.941322
D15  = 145.361110
  Constants:
R13  =   1.000000
A13  =  90.000000
D13  = 290.655792

