C  
C  1    R1 
H  1    R2  2    A2 
C  2    R3  1    A3  3    D3 
H  2    R4  1    A4  4    D4 
C  4    R5  2    A5  1    D5 
H  4    R6  2    A6  6    D6 
H  4    R7  2    A7  6    D7 
C  6    R8  4    A8  2    D8 
H  6    R9  4    A9  9    D9 
H  6   R10  4   A10  9   D10 
H  9   R11  6   A11  4   D11 
H  9   R12  6   A12  12   D12 
O  1   R13  2   A13  3   D13 
H  14   R14  1   A14  2   D14 

R1   =   1.347780
R2   =   1.090085
R3   =   1.506698
R4   =   1.092221
R5   =   1.543497
R6   =   1.101461
R7   =   1.106153
R8   =   1.543621
R9   =   1.101145
R10  =   1.099008
R11  =   1.101007
R12  =   1.102024
R13  =   2.356078
R14  =   0.971852
A2   = 124.796217
A3   = 111.536649
A4   = 124.658805
A5   = 103.124169
A6   = 112.921344
A7   = 110.187410
A8   = 105.511925
A9   = 109.109869
A10  = 112.788119
A11  = 112.822789
A12  = 112.304033
A13  =  88.187298
A14  =  99.740218
D3   = 180.039217
D4   = 182.858763
D5   =  15.077866
D6   = 122.262946
D7   = 240.648335
D8   = 338.639664
D9   = 117.529739
D10  = 236.343770
D11  = 142.197626
D12  = 121.199014
D13  = 277.725555
D14  = 346.383706
