C  
C  0    R1 
H  0    R2  1    A2 
C  1    R3  0    A3  2    D3 
H  1    R4  0    A4  3    D4 
C  3    R5  1    A5  0    D5 
H  3    R6  1    A6  5    D6 
H  5    R7  3    A7  1    D7 
H  5    R8  3    A8  7    D8 
C  5    R9  3    A9  7    D9 
H  9   R10  5   A10  3   D10 
O  9   R11  5   A11  10   D11 
O  11   R12  9   A12  0   D12 
H  12   R13  11   A13  9   D13 

R1   =   1.420578
R2   =   1.093475
R3   =   1.403590
R4   =   1.090754
R5   =   1.377925
R6   =   1.094618
R7   =   1.086134
R8   =   1.094814
R9   =   2.380186
R10  =   1.095053
R11  =   1.362058
R12  =   1.426362
R13  =   0.967069
A2   = 122.724518
A3   = 112.649711
A4   = 123.625602
A5   = 119.172833
A6   = 121.094776
A7   = 124.068228
A8   = 118.810850
A9   =  88.101349
A10  = 132.768068
A11  =  70.475335
A12  = 107.007506
A13  =  99.615136
D3   = 216.327044
D4   = 176.406068
D5   =  12.563321
D6   = 182.353247
D7   =  25.196932
D8   = 163.391019
D9   = 309.367421
D10  = 158.452113
D11  = 100.439829
D12  = 145.220013
D13  = 139.956514