%mem=28GB
%NProcShared=6
#P wb97xd/def2svp
# SCF=(xqc)
# POpt=()
# int=ultrafine

comment: 

0 2
C  
C  1    R1 
H  1    R2  2    A2 
C  2    R3  1    A3  3    D3 
H  2    R4  1    A4  4    D4 
C  4    R5  2    A5  1    D5 
H  4    R6  2    A6  6    D6 
H  6    R7  4    A7  2    D7 
H  6    R8  4    A8  8    D8 
C  6    R9  4    A9  8    D9 
H  10   R10  6   A10  4   D10 
O  10   R11  6   A11  11   D11 
O  12   R12  10   A12  1   D12 
H  13   R13  12   A13  10   D13 
  Variables:
R1   =   1.420775
R2   =   1.093482
R3   =   1.403439
R4   =   1.090737
R5   =   1.377905
R6   =   1.094606
R7   =   1.086031
R8   =   1.094808
R10  =   1.095029
R11  =   1.361945
R12  =   1.426494
R13  =   0.967069
A2   = 122.725709
A3   = 112.630176
A4   = 123.628900
A5   = 119.155378
A6   = 121.102209
A7   = 124.062849
A8   = 118.839633
A9   =  88.122957
A10  = 132.809287
A11  =  70.412601
A12  = 107.017806
A13  =  99.614930
D3   = 216.422345
D4   = 176.510935
D5   =  12.538726
D6   = 182.302177
D7   =  25.112328
D8   = 163.497940
D9   = 309.451236
D10  = 158.433051
D11  = 100.360227
D12  = 145.312478
D13  = 140.161158
  Constants:
R9   =   2.380186

