%mem=28GB
%NProcShared=6
#P wb97xd/def2svp
# SCF=(xqc)
# POpt=(CALCFC,TS,NOEIGEN,MAXCYCLES=60)
# int=ultrafine

comment: 

0 2
C  
C  1    R1 
H  1    R2  2    A2 
C  2    R3  1    A3  3    D3 
H  2    R4  1    A4  4    D4 
H  2    R5  1    A5  4    D5 
C  4    R6  2    A6  1    D6 
H  4    R7  2    A7  7    D7 
H  4    R8  2    A8  7    D8 
H  7    R9  4    A9  2    D9 
H  7   R10  4   A10  10   D10 
C  7   R11  4   A11  10   D11 
H  12   R12  7   A12  4   D12 
O  12   R13  7   A13  13   D13 
O  14   R14  12   A14  1   D14 
H  15   R15  14   A15  12   D15 
  Variables:
R1   =   1.500026
R2   =   1.095222
R3   =   1.557335
R4   =   1.097398
R5   =   1.099507
R6   =   1.506555
R7   =   1.103603
R8   =   1.101614
R9   =   1.092572
R10  =   1.093443
R11  =   2.288844
R12  =   1.095196
R13  =   1.364079
R14  =   1.417501
R15  =   0.965473
A2   = 116.336484
A3   = 103.080868
A4   = 111.997726
A5   = 112.158883
A6   = 109.288054
A7   = 110.669050
A8   = 108.847161
A9   = 118.251116
A10  = 119.461497
A11  =  97.520696
A12  = 112.630641
A13  =  96.126987
A14  = 111.919181
A15  =  99.275962
D3   = 276.043040
D4   = 241.616840
D5   = 119.858723
D6   = 322.942960
D7   = 236.752620
D8   = 119.671944
D9   = 276.622146
D10  = 210.404672
D11  =  97.728171
D12  = 133.440339
D13  = 108.710208
D14  = 339.120021
D15  = 199.637759

