C  
C  0    R1 
H  0    R2  1    A2 
C  1    R3  0    A3  2    D3 
H  1    R4  0    A4  3    D4 
C  3    R5  1    A5  0    D5 
H  3    R6  1    A6  5    D6 
H  3    R7  1    A7  5    D7 
C  5    R8  3    A8  1    D8 
H  5    R9  3    A9  8    D9 
H  5   R10  3   A10  8   D10 
H  8   R11  5   A11  3   D11 
H  8   R12  5   A12  11   D12 
O  0   R13  1   A13  2   D13 
H  13   R14  0   A14  1   D14 

R1   =   1.343759
R2   =   1.111119
R3   =   1.508764
R4   =   1.057669
R5   =   1.545256
R6   =   1.046769
R7   =   1.170662
R8   =   1.544367
R9   =   1.136822
R10  =   1.112891
R11  =   1.229262
R12  =   1.009275
R13  =   2.464524
R14  =   1.067868
A2   = 129.234524
A3   = 111.748317
A4   = 120.171783
A5   = 103.177218
A6   = 114.012682
A7   = 105.344581
A8   = 105.581262
A9   = 105.004438
A10  = 113.536180
A11  = 105.237278
A12  = 115.294141
A13  =  82.676528
A14  =  97.917236
D3   = 188.240688
D4   = 186.057252
D5   =  12.032073
D6   = 129.767315
D7   = 245.468449
D8   = 340.050467
D9   = 121.532473
D10  = 234.919817
D11  = 145.594927
D12  = 115.986860
D13  = 272.981679
D14  = 301.444719