C  
C  0    R1 
H  0    R2  1    A2 
C  1    R3  0    A3  2    D3 
H  1    R4  0    A4  3    D4 
C  3    R5  1    A5  0    D5 
H  3    R6  1    A6  5    D6 
H  3    R7  1    A7  5    D7 
C  5    R8  3    A8  1    D8 
H  5    R9  3    A9  8    D9 
H  5   R10  3   A10  8   D10 
H  8   R11  5   A11  3   D11 
H  8   R12  5   A12  11   D12 
O  0   R13  1   A13  2   D13 
H  13   R14  0   A14  1   D14 

R1   =   1.367644
R2   =   1.091009
R3   =   1.503485
R4   =   1.141547
R5   =   1.545365
R6   =   1.182300
R7   =   1.074670
R8   =   1.547219
R9   =   1.085313
R10  =   1.085848
R11  =   1.015849
R12  =   1.199666
R13  =   2.056989
R14  =   0.908942
A2   = 120.754959
A3   = 111.506420
A4   = 128.913913
A5   = 103.438035
A6   = 111.303584
A7   = 115.710706
A8   = 105.896839
A9   = 113.541615
A10  = 111.976039
A11  = 121.804776
A12  = 110.655191
A13  =  94.205869
A14  =  93.651131
D3   = 176.376573
D4   = 181.170369
D5   =  17.053946
D6   = 115.614098
D7   = 233.103048
D8   = 340.189867
D9   = 113.379701
D10  = 237.745713
D11  = 132.735715
D12  = 127.544351
D13  = 283.445951
D14  = 322.777875