%mem=28GB
%NProcShared=6
#P udsdpbep86/jun-cc-pvtz
# SCF=(xqc)
# POpt=(CALCFC,TS,NOEIGEN,MAXCYCLES=60)
# int=ultrafine
# empiricaldispersion=gd3bj iop(3/125=0079905785,3/78=0429604296,3/76=0310006900,3/74=1004,3/174=0437700,3/175=-1,3/176=0,3/177=1,3/178=5500000)

comment: 

0 2
C  
C  1    R1 
H  1    R2  2    A2 
C  2    R3  1    A3  3    D3 
H  2    R4  1    A4  4    D4 
H  2    R5  1    A5  4    D5 
C  4    R6  2    A6  1    D6 
H  4    R7  2    A7  7    D7 
H  4    R8  2    A8  7    D8 
C  7    R9  4    A9  2    D9 
H  7   R10  4   A10  10   D10 
H  7   R11  4   A11  10   D11 
H  10   R12  7   A12  4   D12 
O  10   R13  7   A13  13   D13 
O  14   R14  10   A14  1   D14 
H  15   R15  14   A15  10   D15 
  Variables:
R1   =   1.499380
R2   =   1.093368
R3   =   1.559203
R4   =   1.100358
R5   =   1.099044
R6   =   1.510476
R7   =   1.102790
R8   =   1.101352
R9   =   2.246583
R10  =   1.092776
R11  =   1.093881
R12  =   1.096640
R13  =   1.373026
R14  =   1.423178
R15  =   0.966310
A2   = 119.159503
A3   = 102.973339
A4   = 111.241872
A5   = 113.227084
A6   = 109.709925
A7   = 110.578812
A8   = 108.515857
A9   =  96.465132
A10  = 118.763507
A11  = 118.648231
A12  = 111.240174
A13  =  95.642451
A14  = 108.382505
A15  =  99.845863
D3   = 274.127252
D4   = 242.112341
D5   = 120.673132
D6   = 323.063697
D7   = 236.683411
D8   = 119.900855
D9   =  11.307546
D10  = 260.989373
D11  = 113.410696
D12  = 142.977404
D13  = 118.016859
D14  = 199.722244
D15  = 221.307426

