%mem=28GB
%NProcShared=6
#P wb97xd/def2svp
# SCF=(xqc)
# POpt=(CALCFC,TS,NOEIGEN,MAXCYCLES=60)
# int=ultrafine

comment: 

0 2
C  
C  1    R1 
C  1    R2  2    A2 
H  1    R3  2    A3  3    D3 
O  3    R4  1    A4  2    D4 
H  3    R5  1    A5  5    D5 
O  5    R6  3    A6  1    D6 
H  7    R7  5    A7  3    D7 
C  2    R8  1    A8  3    D8 
H  2    R9  1    A9  9    D9 
H  2   R10  1   A10  9   D10 
C  9   R11  2   A11  1   D11 
H  9   R12  2   A12  12   D12 
H  12   R13  9   A13  2   D13 
  Variables:
R1   =   1.521964
R2   =   1.398688
R3   =   1.094098
R4   =   2.180000
R5   =   1.089152
R6   =   1.256440
R7   =   1.216667
R8   =   1.498910
R9   =   1.104792
R10  =   1.103361
R11  =   1.347577
R12  =   1.091191
R13  =   1.090015
A2   = 107.557843
A3   = 121.595791
A4   =  97.060733
A5   = 125.644261
A6   =  98.071656
A7   =  99.467073
A8   = 102.933292
A9   = 110.568090
A10  = 114.621273
A11  = 110.664468
A12  = 123.623389
A13  = 126.360381
D3   = 147.905738
D4   = 252.706584
D5   = 268.383142
D6   =   2.482683
D7   = 357.158546
D8   =   6.823329
D9   = 241.914159
D10  = 121.977818
D11  = 354.600792
D12  = 179.066294
D13  = 180.244494

