%mem=28GB
%NProcShared=6
#P wb97xd/def2svp
# SCF=(xqc)
# POpt=(CALCFC,TS,NOEIGEN,MAXCYCLES=60)
# int=ultrafine

comment: 

0 2
C  
C  1    R1 
C  1    R2  2    A2 
H  1    R3  2    A3  3    D3 
O  3    R4  1    A4  2    D4 
H  3    R5  1    A5  5    D5 
O  5    R6  3    A6  1    D6 
H  7    R7  5    A7  3    D7 
C  2    R8  1    A8  3    D8 
H  2    R9  1    A9  9    D9 
H  2   R10  1   A10  9   D10 
C  9   R11  2   A11  1   D11 
H  9   R12  2   A12  12   D12 
H  12   R13  9   A13  2   D13 
  Variables:
R1   =   1.521946
R2   =   1.398616
R3   =   1.094087
R4   =   2.180000
R5   =   1.089161
R6   =   1.256413
R7   =   1.216668
R8   =   1.498893
R9   =   1.104781
R10  =   1.103373
R11  =   1.347562
R12  =   1.091192
R13  =   1.090013
A2   = 107.567461
A3   = 121.600982
A4   =  97.060869
A5   = 125.654124
A6   =  98.063408
A7   =  99.463227
A8   = 102.934384
A9   = 110.588935
A10  = 114.602797
A11  = 110.660337
A12  = 123.627341
A13  = 126.359758
D3   = 147.968960
D4   = 252.751942
D5   = 268.320472
D6   =   2.467193
D7   = 357.185497
D8   =   6.792601
D9   = 241.894018
D10  = 121.954666
D11  = 354.613881
D12  = 179.083746
D13  = 180.230334

