{
 "cells": [
  {
   "cell_type": "code",
   "execution_count": 1,
   "metadata": {},
   "outputs": [],
   "source": [
    "import itertools\n",
    "\n",
    "import autofile\n",
    "import automol"
   ]
  },
  {
   "cell_type": "code",
   "execution_count": 2,
   "metadata": {},
   "outputs": [],
   "source": [
    "# Paths from root\n",
    "def reaction_path_from_root(root_path: str, rsmis, psmis) -> str:\n",
    "    \"\"\"Get reaction file system path from the root path, given SMILES\n",
    "\n",
    "    :param root_path: The root path of the file system\n",
    "    :param rsmis: Reactant SMILES\n",
    "    :param psmis: Product SMILES\n",
    "    :returns: The file system path\n",
    "    \"\"\"\n",
    "    rchis = list(map(automol.smiles.chi, rsmis))\n",
    "    pchis = list(map(automol.smiles.chi, psmis))\n",
    "    rxn_fs = autofile.fs.reaction(root_path)\n",
    "    for locs in rxn_fs[-1].existing():\n",
    "        (rchis0, pchis0), *_ = locs\n",
    "        for rchis1, pchis1 in itertools.permutations([rchis0, pchis0]):\n",
    "            if rchis1 == rchis and pchis1 == pchis:\n",
    "                return rxn_fs[-1].path(locs)\n",
    "\n",
    "\n",
    "def transition_state_paths_from_root(root_path: str, rsmis, psmis, method, basis) -> list[str]:\n",
    "    \"\"\"Get transition state paths from the root path, given SMILES, method, and basis\n",
    "\n",
    "    :param root_path: The root path of the file system\n",
    "    :param rsmis: Reactant SMILES\n",
    "    :param psmis: Product SMILES\n",
    "    :param method: The electronic structure method\n",
    "    :param basis: The electronic structure basis set\n",
    "    :return: The transition state paths\n",
    "    \"\"\"\n",
    "    rxn_path = reaction_path_from_root(root_path, rsmis=rsmis, psmis=psmis)\n",
    "    thy_path = theory_path_from_prefix(rxn_path, method, basis)\n",
    "    ts_fs = autofile.fs.transition_state(thy_path)\n",
    "    return [ts_fs[-1].path(locs) for locs in ts_fs[-1].existing()]\n",
    "\n",
    "\n",
    "# Paths from prefix\n",
    "def theory_path_from_prefix(prefix: str, method: str, basis: str) -> str:\n",
    "    \"\"\"Get theory file system path from its prefix, given method and basis\n",
    "\n",
    "    :param prefix: The prefix of the theory file system\n",
    "    :param method: The electronic structure method\n",
    "    :param basis: The electronic structure basis set\n",
    "    :return: The file system path\n",
    "    \"\"\"\n",
    "    thy_fs = autofile.fs.theory(prefix)\n",
    "    method = method.lower()\n",
    "    basis = basis.lower()\n",
    "    for locs in thy_fs[-1].existing():\n",
    "        method0, basis0, *_ = locs\n",
    "        if method == method0 and basis == basis0:\n",
    "            return thy_fs[-1].path(locs)\n",
    "\n",
    "\n",
    "def conformers_locators_from_prefix(prefix: str) -> list[object]:\n",
    "    \"\"\"Get locators for a set of conformers from their prefix\n",
    "\n",
    "    :param prefix: The prefix of the conformer file system\n",
    "    :return: The locator values\n",
    "    \"\"\"\n",
    "    cnf_fs = autofile.fs.conformer(prefix)\n",
    "    return list(cnf_fs[-1].existing())\n",
    "\n",
    "\n",
    "def visualize_conformers_from_prefix(prefix: str):\n",
    "    \"\"\"Visualize the conformers at a given prefix\n",
    "\n",
    "    :param prefix: The prefix of the conformer file system\n",
    "    \"\"\"\n",
    "    cnf_fs = autofile.fs.conformer(prefix)\n",
    "    for cnf_locs in conformers_locators_from_prefix(prefix):\n",
    "        geo = cnf_fs[-1].file.geometry.read(cnf_locs)\n",
    "        hess = cnf_fs[-1].file.hessian.read(cnf_locs)\n",
    "        automol.geom.display(geo)\n",
    "        print(hess)"
   ]
  },
  {
   "cell_type": "code",
   "execution_count": 3,
   "metadata": {},
   "outputs": [
    {
     "name": "stdout",
     "output_type": "stream",
     "text": [
      "['/lcrc/project/PACC/copan/amech-dev/work/project-cyclopentane/save/RXN/C5H7.H2/MAMGZFGDKKBLMB/0_0/2_1/UHFFFAOYSA-N/C5H8.H/HXSUBTKPGKLJOF/0_0/1_2/UHFFFAOYSA-N/2/u-unGOU/TS/00', '/lcrc/project/PACC/copan/amech-dev/work/project-cyclopentane/save/RXN/C5H7.H2/MAMGZFGDKKBLMB/0_0/2_1/UHFFFAOYSA-N/C5H8.H/HXSUBTKPGKLJOF/0_0/1_2/UHFFFAOYSA-N/2/u-unGOU/TS/01']\n"
     ]
    }
   ],
   "source": [
    "save_prefix = \"/lcrc/project/PACC/copan/amech-dev/work/project-cyclopentane/save\"\n",
    "ts_paths = transition_state_paths_from_root(save_prefix, [\"C1=CCCC1\", \"[H]\"], [\"C1=C[CH]CC1\", \"[H][H]\"], 'wb97xd', 'def2-svp')\n",
    "print(ts_paths)"
   ]
  },
  {
   "cell_type": "code",
   "execution_count": 4,
   "metadata": {},
   "outputs": [
    {
     "data": {
      "application/3dmoljs_load.v0": "<div id=\"3dmolviewer_17242050250577881\"  style=\"position: relative; width: 400px; height: 400px;\">\n        <p id=\"3dmolwarning_17242050250577881\" style=\"background-color:#ffcccc;color:black\">3Dmol.js failed to load for some reason.  Please check your browser console for error messages.<br></p>\n        </div>\n<script>\n\nvar loadScriptAsync = function(uri){\n  return new Promise((resolve, reject) => {\n    //this is to ignore the existence of requirejs amd\n    var savedexports, savedmodule;\n    if (typeof exports !== 'undefined') savedexports = exports;\n    else exports = {}\n    if (typeof module !== 'undefined') savedmodule = module;\n    else module = {}\n\n    var tag = document.createElement('script');\n    tag.src = uri;\n    tag.async = true;\n    tag.onload = () => {\n        exports = savedexports;\n        module = savedmodule;\n        resolve();\n    };\n  var firstScriptTag = document.getElementsByTagName('script')[0];\n  firstScriptTag.parentNode.insertBefore(tag, firstScriptTag);\n});\n};\n\nif(typeof $3Dmolpromise === 'undefined') {\n$3Dmolpromise = null;\n  $3Dmolpromise = loadScriptAsync('https://cdnjs.cloudflare.com/ajax/libs/3Dmol/2.1.0/3Dmol-min.js');\n}\n\nvar viewer_17242050250577881 = null;\nvar warn = document.getElementById(\"3dmolwarning_17242050250577881\");\nif(warn) {\n    warn.parentNode.removeChild(warn);\n}\n$3Dmolpromise.then(function() {\nviewer_17242050250577881 = $3Dmol.createViewer(document.getElementById(\"3dmolviewer_17242050250577881\"),{backgroundColor:\"white\"});\nviewer_17242050250577881.zoomTo();\n\tviewer_17242050250577881.addModel(\"\\n  automech\\n\\n  0  0  0  0  0  0  0  0  0  0999 V3000\\nM  V30 BEGIN CTAB\\nM  V30 COUNTS 14 13 0 0 0\\nM  V30 BEGIN ATOM\\nM  V30 1 C -0.267 1.223 -0.144 RAD=2 VAL=3\\nM  V30 2 C 1.003 0.837 0.037 RAD=2 VAL=3\\nM  V30 3 H -0.603 2.257 -0.237 RAD=1 VAL=1\\nM  V30 4 C 1.116 -0.659 0.187 RAD=1 VAL=4\\nM  V30 5 H 1.859 1.511 0.107 RAD=1 VAL=1\\nM  V30 6 C -0.274 -1.161 -0.258 RAD=1 VAL=4\\nM  V30 7 H 1.937 -1.091 -0.407 RAD=1 VAL=1\\nM  V30 8 H 1.326 -0.919 1.241 RAD=1 VAL=1\\nM  V30 9 C -1.190 0.058 -0.127 RAD=2 VAL=3\\nM  V30 10 H -0.628 -2.027 0.321 RAD=1 VAL=1\\nM  V30 11 H -0.236 -1.472 -1.314 RAD=1 VAL=1\\nM  V30 12 H -1.733 0.014 0.964 RAD=1 VAL=1\\nM  V30 13 H -2.046 0.095 -0.817 RAD=1 VAL=1\\nM  V30 14 H -2.208 -0.148 1.967 RAD=1 VAL=1\\nM  V30 END ATOM\\nM  V30 BEGIN BOND\\nM  V30 1 1 12 14 CFG=0\\nM  V30 2 1 2 5 CFG=0\\nM  V30 3 1 4 8 CFG=0\\nM  V30 4 1 1 2 CFG=0\\nM  V30 5 1 1 3 CFG=0\\nM  V30 6 1 4 7 CFG=0\\nM  V30 7 1 4 6 CFG=0\\nM  V30 8 1 6 11 CFG=0\\nM  V30 9 1 6 10 CFG=0\\nM  V30 10 1 6 9 CFG=0\\nM  V30 11 1 2 4 CFG=0\\nM  V30 12 1 9 13 CFG=0\\nM  V30 13 1 1 9 CFG=0\\nM  V30 END BOND\\nM  V30 END CTAB\\nM  END\\n\",\"sdf\");\n\tviewer_17242050250577881.setStyle({\"stick\": {}, \"sphere\": {\"radius\": 0.3}});\n\tviewer_17242050250577881.setBackgroundColor(\"0xeeeeee\");\n\tviewer_17242050250577881.zoomTo();\nviewer_17242050250577881.render();\n});\n</script>",
      "text/html": [
       "<div id=\"3dmolviewer_17242050250577881\"  style=\"position: relative; width: 400px; height: 400px;\">\n",
       "        <p id=\"3dmolwarning_17242050250577881\" style=\"background-color:#ffcccc;color:black\">3Dmol.js failed to load for some reason.  Please check your browser console for error messages.<br></p>\n",
       "        </div>\n",
       "<script>\n",
       "\n",
       "var loadScriptAsync = function(uri){\n",
       "  return new Promise((resolve, reject) => {\n",
       "    //this is to ignore the existence of requirejs amd\n",
       "    var savedexports, savedmodule;\n",
       "    if (typeof exports !== 'undefined') savedexports = exports;\n",
       "    else exports = {}\n",
       "    if (typeof module !== 'undefined') savedmodule = module;\n",
       "    else module = {}\n",
       "\n",
       "    var tag = document.createElement('script');\n",
       "    tag.src = uri;\n",
       "    tag.async = true;\n",
       "    tag.onload = () => {\n",
       "        exports = savedexports;\n",
       "        module = savedmodule;\n",
       "        resolve();\n",
       "    };\n",
       "  var firstScriptTag = document.getElementsByTagName('script')[0];\n",
       "  firstScriptTag.parentNode.insertBefore(tag, firstScriptTag);\n",
       "});\n",
       "};\n",
       "\n",
       "if(typeof $3Dmolpromise === 'undefined') {\n",
       "$3Dmolpromise = null;\n",
       "  $3Dmolpromise = loadScriptAsync('https://cdnjs.cloudflare.com/ajax/libs/3Dmol/2.1.0/3Dmol-min.js');\n",
       "}\n",
       "\n",
       "var viewer_17242050250577881 = null;\n",
       "var warn = document.getElementById(\"3dmolwarning_17242050250577881\");\n",
       "if(warn) {\n",
       "    warn.parentNode.removeChild(warn);\n",
       "}\n",
       "$3Dmolpromise.then(function() {\n",
       "viewer_17242050250577881 = $3Dmol.createViewer(document.getElementById(\"3dmolviewer_17242050250577881\"),{backgroundColor:\"white\"});\n",
       "viewer_17242050250577881.zoomTo();\n",
       "\tviewer_17242050250577881.addModel(\"\\n  automech\\n\\n  0  0  0  0  0  0  0  0  0  0999 V3000\\nM  V30 BEGIN CTAB\\nM  V30 COUNTS 14 13 0 0 0\\nM  V30 BEGIN ATOM\\nM  V30 1 C -0.267 1.223 -0.144 RAD=2 VAL=3\\nM  V30 2 C 1.003 0.837 0.037 RAD=2 VAL=3\\nM  V30 3 H -0.603 2.257 -0.237 RAD=1 VAL=1\\nM  V30 4 C 1.116 -0.659 0.187 RAD=1 VAL=4\\nM  V30 5 H 1.859 1.511 0.107 RAD=1 VAL=1\\nM  V30 6 C -0.274 -1.161 -0.258 RAD=1 VAL=4\\nM  V30 7 H 1.937 -1.091 -0.407 RAD=1 VAL=1\\nM  V30 8 H 1.326 -0.919 1.241 RAD=1 VAL=1\\nM  V30 9 C -1.190 0.058 -0.127 RAD=2 VAL=3\\nM  V30 10 H -0.628 -2.027 0.321 RAD=1 VAL=1\\nM  V30 11 H -0.236 -1.472 -1.314 RAD=1 VAL=1\\nM  V30 12 H -1.733 0.014 0.964 RAD=1 VAL=1\\nM  V30 13 H -2.046 0.095 -0.817 RAD=1 VAL=1\\nM  V30 14 H -2.208 -0.148 1.967 RAD=1 VAL=1\\nM  V30 END ATOM\\nM  V30 BEGIN BOND\\nM  V30 1 1 12 14 CFG=0\\nM  V30 2 1 2 5 CFG=0\\nM  V30 3 1 4 8 CFG=0\\nM  V30 4 1 1 2 CFG=0\\nM  V30 5 1 1 3 CFG=0\\nM  V30 6 1 4 7 CFG=0\\nM  V30 7 1 4 6 CFG=0\\nM  V30 8 1 6 11 CFG=0\\nM  V30 9 1 6 10 CFG=0\\nM  V30 10 1 6 9 CFG=0\\nM  V30 11 1 2 4 CFG=0\\nM  V30 12 1 9 13 CFG=0\\nM  V30 13 1 1 9 CFG=0\\nM  V30 END BOND\\nM  V30 END CTAB\\nM  END\\n\",\"sdf\");\n",
       "\tviewer_17242050250577881.setStyle({\"stick\": {}, \"sphere\": {\"radius\": 0.3}});\n",
       "\tviewer_17242050250577881.setBackgroundColor(\"0xeeeeee\");\n",
       "\tviewer_17242050250577881.zoomTo();\n",
       "viewer_17242050250577881.render();\n",
       "});\n",
       "</script>"
      ]
     },
     "metadata": {},
     "output_type": "display_data"
    },
    {
     "name": "stdout",
     "output_type": "stream",
     "text": [
      "((0.745848, -0.151853, 0.0762752, -0.493657, 0.120715, -0.0618472, -0.0848503, 0.0863041, -0.00900382, -0.00910848, 0.0209375, -0.00551812, -0.0112556, 0.0108877, -0.00250331, 0.00819008, 0.0073681, 0.00168462, 0.000563041, -0.000421977, -0.000142291, 0.000113087, -0.00120879, 0.0019424, -0.120427, -0.066055, -0.0303688, -0.00269836, 0.00230337, 0.000519687, -0.0011905, 0.00146988, 0.00017464, -0.0243384, -0.013475, 0.0326846, -0.0126443, -0.0176102, 0.00866467, 0.00545565, 0.000637729, -0.0125622), (-0.151853, 0.7066, -0.0567841, 0.126906, -0.14656, 0.0207037, 0.08233, -0.320528, 0.0240873, 0.0290954, -0.0237205, 0.00554325, -0.0213539, 0.0102905, -0.00234977, -0.00366411, -0.0389556, 0.00641308, -0.000430383, -0.00521457, 0.000320867, 0.000343829, -0.00369656, 0.000562264, -0.0604508, -0.180181, -0.00830236, 0.00262348, -0.00362005, -0.00133678, -0.000164536, -0.000119189, -7.34526e-05, -0.00824704, -0.00130576, 0.014039, 0.00225659, 0.00623627, 0.00256124, 0.00260885, 0.000774679, -0.00538418), (0.0762752, -0.0567841, 0.153037, -0.0583109, 0.0181007, -0.0665183, -0.00867477, 0.0262531, -0.0410493, -0.00668079, 0.00775872, 0.00725328, -0.000602105, 0.000906446, 0.00619232, -0.00282028, -0.00304324, 0.00247865, 0.000905405, 0.000602037, 0.00023412, -0.000578209, 0.000189755, 0.000499484, -0.00324439, 0.00650971, -0.0656302, 0.000273834, 0.000187703, 0.000274247, 0.000243756, 0.000285546, 0.00020641, 0.0132287, 0.0172968, -0.00185091, -0.00993338, -0.0181926, 0.0037226, -8.20859e-05, -7.05988e-05, 0.00115015), (-0.493657, 0.126906, -0.0583109, 0.876441, 0.0273087, 0.0900513, 0.000312593, -0.00399589, -0.000647872, -0.0837684, 0.0150196, -0.00126948, -0.235657, -0.144257, -0.0174723, -0.00860897, -0.0275096, 0.00170372, 0.00100052, 0.0252564, -0.00502131, -0.000713545, 0.00895687, -0.00131386, -0.0538548, -0.0239684, 0.00702828, -0.0047225, -0.000887931, -0.00238576, -0.00106644, -0.00054149, -0.000342083, 0.00615959, 0.000542379, -0.0154479, -2.84138e-05, -0.00315224, -0.00222251, -0.00183596, 0.000322807, 0.00565065), (0.120715, -0.14656, 0.0181007, 0.0273087, 0.574998, -0.0280892, 0.0281438, -0.00111507, 0.0044667, 0.00224459, -0.216324, 0.0109519, -0.139068, -0.169685, -0.00926066, -0.0195257, -0.0229096, 0.00159313, 0.000922703, -0.00930357, 0.00302685, 0.00259687, -0.00881465, 0.00279607, -0.0168149, 0.00766015, -0.00785529, -0.000972767, -0.000994165, -0.00136008, 0.00100751, 0.000141626, 0.00011996, -0.0050186, -0.00262718, 0.00684027, -0.00241392, -0.00446316, 0.000677841, 0.000873941, -3.59108e-06, -0.0020082), (-0.0618472, 0.0207037, -0.0665183, 0.0900513, -0.0280892, 0.158755, -0.00228001, -0.000203254, 0.00497998, -0.00110828, 0.0140576, -0.0735024, -0.0170137, -0.00945019, -0.0397261, 0.000632061, -0.00821551, 0.00127025, -0.00275681, -0.0179293, 0.00319483, -0.00098474, 0.0312595, 0.00103196, -0.00452198, -0.00309736, 0.0127813, -0.00102147, -5.47258e-05, -0.000169151, -0.000593721, 0.000203889, -1.27229e-05, 0.00325801, 0.000477619, -0.00453285, -0.000584414, 0.000372033, 0.000108338, -0.001229, -3.47267e-05, 0.0023402), (-0.0848503, 0.08233, -0.00867477, 0.000312593, 0.0281438, -0.00228001, 0.0795714, -0.0921173, 0.0108761, -0.00441869, 0.000517612, -0.00157075, 0.000800214, -0.00067513, 0.000766945, -0.00301868, -0.00324289, 0.000323005, -2.96833e-06, 0.000797426, -0.000165233, -0.000111582, 0.000817088, -4.15334e-05, 0.0105603, -0.0169205, 0.000791215, 0.000743308, -0.000755394, -0.000175838, 0.000168684, -0.000194818, 1.81343e-05, -2.87234e-05, 0.000429133, 0.0004631, 0.000246911, 0.000873842, -0.00024572, 2.7448e-05, -2.92171e-06, -8.46715e-05), (0.0863041, -0.320528, 0.0262531, -0.00399589, -0.00111507, -0.000203254, -0.0921173, 0.333623, -0.027615, -0.000152063, 0.000102549, 0.000231774, 0.000389023, 0.000358744, -0.000305961, -0.00183296, -0.00178523, 0.00124562, 0.000206232, -2.04317e-06, 0.00014811, 0.000174532, -0.000183107, 8.27409e-05, 0.0107974, -0.00989718, 0.000468562, 0.000554013, -0.000721596, -0.000282789, 6.56973e-05, -0.000162065, -0.000113239, -0.000151231, -0.000149793, 0.0003027, -0.0002643, 0.000419148, -0.000157693, 2.2728e-05, 4.07024e-05, -5.46434e-05), (-0.00900382, 0.0240873, -0.0410493, -0.000647872, 0.0044667, 0.00497998, 0.0108761, -0.027615, 0.0274554, -0.00224516, 0.000605811, 0.0110129, 0.000837067, -0.00049736, -0.00562759, -0.000603945, -0.000416414, 0.00240633, 4.06863e-05, 0.0021104, -0.000339962, 0.000386407, -0.0024772, 1.35145e-05, -6.948e-05, 8.69822e-06, 0.00119495, 0.000278273, -0.000356732, 0.000119061, -0.000246255, 0.000392228, -0.000159772, -0.000301183, -0.000647144, 0.000214685, 0.000683888, 0.000387037, -0.00012391, 1.52681e-05, -4.826e-05, -9.62884e-05), (-0.00910848, 0.0290954, -0.00668079, -0.0837684, 0.00224459, -0.00110828, -0.00441869, -0.000152063, -0.00224516, 0.541502, -0.0787213, -0.022701, 0.0065296, -0.021011, 0.00309772, -0.162953, -0.0285639, -0.0299598, -0.193349, 0.0760053, 0.112783, -0.0545452, 0.010868, -0.043658, -0.0306916, 0.00742111, -0.00911179, -0.00592214, -1.25845e-05, -0.00393655, -0.00124063, 0.001256, 0.000214418, -0.000736014, -9.98245e-05, 0.00193423, -0.00135617, 0.00167798, 0.00158464, 5.78665e-05, -7.83684e-06, -0.000212479), (0.0209375, -0.0237205, 0.00775872, 0.0150196, -0.216324, 0.0140576, 0.000517612, 0.000102549, 0.000605811, -0.0787213, 0.482962, -0.00204598, 0.00541851, -0.00603559, 0.00114059, -0.03472, -0.0858694, -0.0132553, 0.0748058, -0.0871681, -0.0595712, 0.00895817, -0.0570963, 0.0552109, 0.014009, 0.00295287, 0.00912572, -0.0204266, -0.00380729, -0.00982768, -0.00781396, -0.00182686, -0.000382752, 0.000368072, 7.89672e-05, -0.00185623, 0.00174507, -0.00422457, -0.00127266, -9.75061e-05, -2.36374e-05, 0.000312519), (-0.00551812, 0.00554325, 0.00725328, -0.00126948, 0.0109519, -0.0735024, -0.00157075, 0.000231774, 0.0110129, -0.022701, -0.00204598, 0.564876, 0.000570571, -0.00352931, 0.00197633, -0.027198, -0.0113767, -0.0926196, 0.110874, -0.0587705, -0.128649, -0.0425281, 0.060496, -0.28549, 0.00392723, 0.00426969, -0.00520832, 0.0148389, 0.00319744, 0.00509932, -0.0289625, -0.00794081, -0.00669558, 0.000598127, 0.000232219, 0.000748247, -0.00111977, -0.00119138, 0.00125698, 5.86443e-05, -6.74628e-05, -5.78372e-05), (-0.0112556, -0.0213539, -0.000602105, -0.235657, -0.139068, -0.0170137, 0.000800214, 0.000389023, 0.000837067, 0.0065296, 0.00541851, 0.000570571, 0.243725, 0.152965, 0.0189291, -0.00021434, 0.00228439, -0.0003635, 6.83722e-05, -0.000796147, 0.000186613, -5.96383e-05, -0.000377814, -0.00019441, -0.00370935, 0.00150684, -0.00268705, 0.000474803, 2.56931e-05, 8.5176e-05, 2.08805e-06, -4.24973e-05, -1.08274e-05, 4.61341e-05, 9.31549e-05, -3.78469e-05, -0.000758446, -0.00104504, 0.00029934, 8.79789e-06, 0.0, 1.64837e-06), (0.0108877, 0.0102905, 0.000906446, -0.144257, -0.169685, -0.00945019, -0.00067513, 0.000358744, -0.00049736, -0.021011, -0.00603559, -0.00352931, 0.152965, 0.169631, 0.0104915, 0.000458698, -0.00445015, 0.00179453, 0.000496223, 0.000697648, -0.000370805, 0.000112644, -6.74105e-06, 0.000560304, 0.00240681, -0.00110649, 0.000719419, -0.00120604, -0.000357235, -0.000643646, -0.000271396, -0.000107069, -0.000170832, -9.01226e-05, 4.63079e-05, 0.00018347, 0.000160609, 0.000691074, 6.70811e-05, 2.32599e-05, 3.30022e-05, -6.0613e-05), (-0.00250331, -0.00234977, 0.00619232, -0.0174723, -0.00926066, -0.0397261, 0.000766945, -0.000305961, -0.00562759, 0.00309772, 0.00114059, 0.00197633, 0.0189291, 0.0104915, 0.0255233, -0.000599161, 0.000324359, 0.00166992, -0.000222854, 0.000487857, 0.000165596, -0.000292343, -0.000831881, -0.000129694, -0.00142952, 0.000244632, 0.00982947, -0.000200368, -1.88462e-05, 8.73231e-05, 0.000505124, 0.000140799, -0.000107606, -0.00152443, -0.00138948, 0.000397299, 0.000901598, 0.00131754, -0.000166114, 4.37912e-05, 9.31703e-06, -8.44241e-05), (0.00819008, -0.00366411, -0.00282028, -0.00860897, -0.0195257, 0.000632061, -0.00301868, -0.00183296, -0.000603945, -0.162953, -0.03472, -0.027198, -0.00021434, 0.000458698, -0.000599161, 0.435606, 0.0518557, -0.029029, -0.0157005, -0.00982078, -0.00918983, -0.00280811, -0.0025609, 0.000319322, -0.116315, 0.0629853, 0.000575558, -0.0758442, -0.0690041, 0.0487429, -0.04413, 0.000680597, 0.0103695, -0.00664051, 0.00750613, 0.00425873, -0.00870077, 0.0177527, 0.0065298, 0.00113851, -0.000110608, -0.00198757), (0.0073681, -0.0389556, -0.00304324, -0.0275096, -0.0229096, -0.00821551, -0.00324289, -0.00178523, -0.000416414, -0.0285639, -0.0858694, -0.0113767, 0.00228439, -0.00445015, 0.000324359, 0.0518557, 0.574904, -0.0192575, 0.0110499, 0.005484, 0.00513206, 0.00513869, 0.00119565, 0.000135951, 0.0496047, -0.149327, -0.00775693, -0.0686596, -0.212271, 0.118439, 0.00133563, -0.0669517, -0.0695583, 0.00311302, -0.00191286, -0.00583815, -0.00230039, 0.00286545, -0.00123681, -0.00147378, -1.67411e-05, 0.00266796), (0.00168462, 0.00641308, 0.00247865, 0.00170372, 0.00159313, 0.00127025, 0.000323005, 0.00124562, 0.00240633, -0.0299598, -0.0132553, -0.0926196, -0.0003635, 0.00179453, 0.00166992, -0.029029, -0.0192575, 0.586002, 0.0125064, 0.00729972, 0.00493182, -0.0257806, -0.0128032, -0.00545097, 0.00214111, -0.015998, -0.071114, 0.0473808, 0.115269, -0.127793, 0.0122243, -0.0701001, -0.296691, 0.0164635, -0.0166645, -0.0121378, -0.00742483, 0.0155382, 0.00293516, -0.0018697, -0.00107506, 0.00411222), (0.000563041, -0.000430383, 0.000905405, 0.00100052, 0.000922703, -0.00275681, -2.96833e-06, 0.000206232, 4.06863e-05, -0.193349, 0.0748058, 0.110874, 6.83722e-05, 0.000496223, -0.000222854, -0.0157005, 0.0110499, 0.0125064, 0.207841, -0.083751, -0.116893, 0.00408755, -0.00225003, -0.00334286, -0.00369154, -0.0021348, -0.000780771, -0.00127215, -0.000277928, -0.000273393, 0.00109713, 0.000241175, -8.37456e-05, -0.000212089, 0.000340305, -8.36377e-05, -0.00041733, 0.000744544, 0.000157653, -1.16408e-05, 3.7339e-05, -4.75535e-05), (-0.000421977, -0.00521457, 0.000602037, 0.0252564, -0.00930357, -0.0179293, 0.000797426, -2.04317e-06, 0.0021104, 0.0760053, -0.0871681, -0.0587705, -0.000796147, 0.000697648, 0.000487857, -0.00982078, 0.005484, 0.00729972, -0.083751, 0.0927501, 0.0630559, -0.0059369, 0.00340589, 0.00449809, -0.00152592, -0.00200516, -0.00146323, -0.000538887, -0.000346713, 5.83292e-06, 0.000462171, 0.000924843, 0.000239373, 0.000314689, 0.000270187, -0.000183752, -3.04348e-05, 0.000462583, 1.25381e-05, -1.3953e-05, 4.49943e-05, 3.51166e-05), (-0.000142291, 0.000320867, 0.00023412, -0.00502131, 0.00302685, 0.00319483, -0.000165233, 0.00014811, -0.000339962, 0.112783, -0.0595712, -0.128649, 0.000186613, -0.000370805, 0.000165596, -0.00918983, 0.00513206, 0.00493182, -0.116893, 0.0630559, 0.135692, 0.0223962, -0.0121216, -0.0165503, -0.00279508, -0.000282496, -5.89895e-05, -8.90012e-05, -0.000185343, 8.5908e-05, -0.00053357, 0.000261132, 0.00137023, -0.000458786, 0.000228436, 7.41448e-05, -0.000160903, 0.000324443, -3.69896e-05, 8.32649e-05, 3.37149e-05, -0.000113041), (0.000113087, 0.000343829, -0.000578209, -0.000713545, 0.00259687, -0.00098474, -0.000111582, 0.000174532, 0.000386407, -0.0545452, 0.00895817, -0.0425281, -5.96383e-05, 0.000112644, -0.000292343, -0.00280811, 0.00513869, -0.0257806, 0.00408755, -0.0059369, 0.0223962, 0.0576388, -0.0112085, 0.0493759, -0.00028494, 8.32166e-05, -0.0013584, 0.00139398, 4.25785e-05, 0.000101446, -0.00408193, -0.000677614, -0.00164494, 5.82242e-05, -4.27699e-05, 0.000231868, -0.000763522, 0.000459484, 0.000575552, 7.68099e-05, -4.41989e-05, 0.000100012), (-0.00120879, -0.00369656, 0.000189755, 0.00895687, -0.00881465, 0.0312595, 0.000817088, -0.000183107, -0.0024772, 0.010868, -0.0570963, 0.060496, -0.000377814, -6.74105e-06, -0.000831881, -0.0025609, 0.00119565, -0.0128032, -0.00225003, 0.00340589, -0.0121216, -0.0112085, 0.0646194, -0.0633322, -0.000549023, -0.00053053, 0.00100257, 0.000345368, 0.000597711, -0.000272138, -0.00300897, -0.000102213, -0.00109145, 0.000121809, 0.000117669, -2.6932e-05, 9.16652e-05, 0.000483255, 3.70514e-05, -3.67895e-05, 1.05458e-05, -2.82481e-05), (0.0019424, 0.000562264, 0.000499484, -0.00131386, 0.00279607, 0.00103196, -4.15334e-05, 8.27409e-05, 1.35145e-05, -0.043658, 0.0552109, -0.28549, -0.00019441, 0.000560304, -0.000129694, 0.000319322, 0.000135951, -0.00545097, -0.00334286, 0.00449809, -0.0165503, 0.0493759, -0.0633322, 0.305064, -0.000860898, -0.000369252, -0.000388366, -1.10527e-05, -0.00014513, 0.00111016, -0.00178273, -0.000215726, 0.000598255, -0.00052693, 9.44905e-05, 2.54088e-05, -9.88178e-05, 8.02019e-05, -2.33878e-05, 0.000193472, 4.12468e-05, -0.000310755), (-0.120427, -0.0604508, -0.00324439, -0.0538548, -0.0168149, -0.00452198, 0.0105603, 0.0107974, -6.948e-05, -0.0306916, 0.014009, 0.00392723, -0.00370935, 0.00240681, -0.00142952, -0.116315, 0.0496047, 0.00214111, -0.00369154, -0.00152592, -0.00279508, -0.00028494, -0.000549023, -0.000860898, 0.55477, 0.00112471, 0.148475, 0.00847072, -0.00814475, -0.00181239, -0.00170456, 0.00210199, 0.00113074, -0.0199313, 0.00595939, -0.0311894, -0.205779, 0.00733631, -0.152942, -0.0174116, -0.00585491, 0.0431912), (-0.066055, -0.180181, 0.00650971, -0.0239684, 0.00766015, -0.00309736, -0.0169205, -0.00989718, 8.69822e-06, 0.00742111, 0.00295287, 0.00426969, 0.00150684, -0.00110649, 0.000244632, 0.0629853, -0.149327, -0.015998, -0.0021348, -0.00200516, -0.000282496, 8.32166e-05, -0.00053053, -0.000369252, 0.00112471, 0.439681, 0.0174412, 0.01528, -0.015543, -0.00511143, 0.00719709, -0.00838834, 0.000324492, 0.00968383, -0.0336218, -0.0173654, 0.00857446, -0.0517335, 0.00280463, -0.00477792, 0.00204104, 0.0106209), (-0.0303688, -0.00830236, -0.0656302, 0.00702828, -0.00785529, 0.0127813, 0.000791215, 0.000468562, 0.00119495, -0.00911179, 0.00912572, -0.00520832, -0.00268705, 0.000719419, 0.00982947, 0.000575558, -0.00775693, -0.071114, -0.000780771, -0.00146323, -5.89895e-05, -0.0013584, 0.00100257, -0.000388366, 0.148475, 0.0174412, 0.351538, -0.0113431, 0.0102698, 0.00224192, 0.0180071, -0.0236455, -0.00137129, -0.0117775, -0.00629801, -0.0172948, -0.141435, 0.00577233, -0.147234, 0.0339856, 0.0105217, -0.0692858), (-0.00269836, 0.00262348, 0.000273834, -0.0047225, -0.000972767, -0.00102147, 0.000743308, 0.000554013, 0.000278273, -0.00592214, -0.0204266, 0.0148389, 0.000474803, -0.00120604, -0.000200368, -0.0758442, -0.0686596, 0.0473808, -0.00127215, -0.000538887, -8.90012e-05, 0.00139398, 0.000345368, -1.10527e-05, 0.00847072, 0.01528, -0.0113431, 0.0797548, 0.0735333, -0.0501599, -0.000475984, -0.000691754, 0.000261331, 0.00044582, 0.000136678, 0.000370949, -0.000594558, 0.000298032, -1.20188e-05, 0.000246472, -0.000275251, -0.000567056), (0.00230337, -0.00362005, 0.000187703, -0.000887931, -0.000994165, -5.47258e-05, -0.000755394, -0.000721596, -0.000356732, -1.25845e-05, -0.00380729, 0.00319744, 2.56931e-05, -0.000357235, -1.88462e-05, -0.0690041, -0.212271, 0.115269, -0.000277928, -0.000346713, -0.000185343, 4.25785e-05, 0.000597711, -0.00014513, -0.00814475, -0.015543, 0.0102698, 0.0735333, 0.229251, -0.123297, 0.00320584, 0.00794452, -0.00543708, -0.000781806, 0.000302476, 0.00126732, 0.000551237, -0.000780953, -1.65257e-06, 0.000202485, 0.00034636, -0.000694849), (0.000519687, -0.00133678, 0.000274247, -0.00238576, -0.00136008, -0.000169151, -0.000175838, -0.000282789, 0.000119061, -0.00393655, -0.00982768, 0.00509932, 8.5176e-05, -0.000643646, 8.73231e-05, 0.0487429, 0.118439, -0.127793, -0.000273393, 5.83292e-06, 8.5908e-05, 0.000101446, -0.000272138, 0.00111016, -0.00181239, -0.00511143, 0.00224192, -0.0501599, -0.123297, 0.132898, 0.00939899, 0.023883, -0.014672, 0.000490369, -0.000544159, -8.44248e-05, 2.07133e-05, 0.000147786, 0.0, -0.000615404, 0.000200173, 0.000803529), (-0.0011905, -0.000164536, 0.000243756, -0.00106644, 0.00100751, -0.000593721, 0.000168684, 6.56973e-05, -0.000246255, -0.00124063, -0.00781396, -0.0289625, 2.08805e-06, -0.000271396, 0.000505124, -0.04413, 0.00133563, 0.0122243, 0.00109713, 0.000462171, -0.00053357, -0.00408193, -0.00300897, -0.00178273, -0.00170456, 0.00719709, 0.0180071, -0.000475984, 0.00320584, 0.00939899, 0.0536934, -0.00457682, -0.00995663, -0.00200154, 0.00286353, 0.00244503, 0.000471923, -0.000499419, 0.000237044, 0.000458266, 0.000197644, -0.000985952), (0.00146988, -0.000119189, 0.000285546, -0.00054149, 0.000141626, 0.000203889, -0.000194818, -0.000162065, 0.000392228, 0.001256, -0.00182686, -0.00794081, -4.24973e-05, -0.000107069, 0.000140799, 0.000680597, -0.0669517, -0.0701001, 0.000241175, 0.000924843, 0.000261132, -0.000677614, -0.000102213, -0.000215726, 0.00210199, -0.00838834, -0.0236455, -0.000691754, 0.00794452, 0.023883, -0.00457682, 0.0696631, 0.0768278, 0.00130993, -0.0024645, -0.000454785, -0.000251962, 0.00129598, 0.000400343, -8.26068e-05, 0.000151791, -3.78418e-05), (0.00017464, -7.34526e-05, 0.00020641, -0.000342083, 0.00011996, -1.27229e-05, 1.81343e-05, -0.000113239, -0.000159772, 0.000214418, -0.000382752, -0.00669558, -1.08274e-05, -0.000170832, -0.000107606, 0.0103695, -0.0695583, -0.296691, -8.37456e-05, 0.000239373, 0.00137023, -0.00164494, -0.00109145, 0.000598255, 0.00113074, 0.000324492, -0.00137129, 0.000261331, -0.00543708, -0.014672, -0.00995663, 0.0768278, 0.314638, -1.34748e-05, -0.000777719, 0.00149321, -2.64656e-05, -7.61389e-05, 0.00137991, -9.0561e-05, 0.000169301, 2.3824e-05), (-0.0243384, -0.00824704, 0.0132287, 0.00615959, -0.0050186, 0.00325801, -2.87234e-05, -0.000151231, -0.000301183, -0.000736014, 0.000368072, 0.000598127, 4.61341e-05, -9.01226e-05, -0.00152443, -0.00664051, 0.00311302, 0.0164635, -0.000212089, 0.000314689, -0.000458786, 5.82242e-05, 0.000121809, -0.00052693, -0.0199313, 0.00968383, -0.0117775, 0.00044582, -0.000781806, 0.000490369, -0.00200154, 0.00130993, -1.34748e-05, 0.0415813, -0.00501076, 0.0128856, 0.00324748, 0.000925963, -0.00956359, 0.00235013, 0.00346224, -0.0227585), (-0.013475, -0.00130576, 0.0172968, 0.000542379, -0.00262718, 0.000477619, 0.000429133, -0.000149793, -0.000647144, -9.98245e-05, 7.89672e-05, 0.000232219, 9.31549e-05, 4.63079e-05, -0.00138948, 0.00750613, -0.00191286, -0.0166645, 0.000340305, 0.000270187, 0.000228436, -4.27699e-05, 0.000117669, 9.44905e-05, 0.00595939, -0.0336218, -0.00629801, 0.000136678, 0.000302476, -0.000544159, 0.00286353, -0.0024645, -0.000777719, -0.00501076, 0.0485828, 0.0095468, -0.000830207, 0.000455479, 0.00167728, 0.00158787, -0.00777204, -0.00323269), (0.0326846, 0.014039, -0.00185091, -0.0154479, 0.00684027, -0.00453285, 0.0004631, 0.0003027, 0.000214685, 0.00193423, -0.00185623, 0.000748247, -3.78469e-05, 0.00018347, 0.000397299, 0.00425873, -0.00583815, -0.0121378, -8.36377e-05, -0.000183752, 7.41448e-05, 0.000231868, -2.6932e-05, 2.54088e-05, -0.0311894, -0.0173654, -0.0172948, 0.000370949, 0.00126732, -8.44248e-05, 0.00244503, -0.000454785, 0.00149321, 0.0128856, 0.0095468, 0.020741, 0.0131914, 0.000495212, -0.0257594, -0.0217067, -0.00694947, 0.0379663), (-0.0126443, 0.00225659, -0.00993338, -2.84138e-05, -0.00241392, -0.000584414, 0.000246911, -0.0002643, 0.000683888, -0.00135617, 0.00174507, -0.00111977, -0.000758446, 0.000160609, 0.000901598, -0.00870077, -0.00230039, -0.00742483, -0.00041733, -3.04348e-05, -0.000160903, -0.000763522, 9.16652e-05, -9.88178e-05, -0.205779, 0.00857446, -0.141435, -0.000594558, 0.000551237, 2.07133e-05, 0.000471923, -0.000251962, -2.64656e-05, 0.00324748, -0.000830207, 0.0131914, 0.225294, -0.00770855, 0.148841, 0.00178233, 0.000420128, -0.00285483), (-0.0176102, 0.00623627, -0.0181926, -0.00315224, -0.00446316, 0.000372033, 0.000873842, 0.000419148, 0.000387037, 0.00167798, -0.00422457, -0.00119138, -0.00104504, 0.000691074, 0.00131754, 0.0177527, 0.00286545, 0.0155382, 0.000744544, 0.000462583, 0.000324443, 0.000459484, 0.000483255, 8.02019e-05, 0.00733631, -0.0517335, 0.00577233, 0.000298032, -0.000780953, 0.000147786, -0.000499419, 0.00129598, -7.61389e-05, 0.000925963, 0.000455479, 0.000495212, -0.00770855, 0.0484686, -0.00491201, -5.3493e-05, -0.000175646, -6.26227e-05), (0.00866467, 0.00256124, 0.0037226, -0.00222251, 0.000677841, 0.000108338, -0.00024572, -0.000157693, -0.00012391, 0.00158464, -0.00127266, 0.00125698, 0.00029934, 6.70811e-05, -0.000166114, 0.0065298, -0.00123681, 0.00293516, 0.000157653, 1.25381e-05, -3.69896e-05, 0.000575552, 3.70514e-05, -2.33878e-05, -0.152942, 0.00280463, -0.147234, -1.20188e-05, -1.65257e-06, 0.0, 0.000237044, 0.000400343, 0.00137991, -0.00956359, 0.00167728, -0.0257594, 0.148841, -0.00491201, 0.158672, -0.00190386, -0.000657185, 0.00526894), (0.00545565, 0.00260885, -8.20859e-05, -0.00183596, 0.000873941, -0.001229, 2.7448e-05, 2.2728e-05, 1.52681e-05, 5.78665e-05, -9.75061e-05, 5.86443e-05, 8.79789e-06, 2.32599e-05, 4.37912e-05, 0.00113851, -0.00147378, -0.0018697, -1.16408e-05, -1.3953e-05, 8.32649e-05, 7.68099e-05, -3.67895e-05, 0.000193472, -0.0174116, -0.00477792, 0.0339856, 0.000246472, 0.000202485, -0.000615404, 0.000458266, -8.26068e-05, -9.0561e-05, 0.00235013, 0.00158787, -0.0217067, 0.00178233, -5.3493e-05, -0.00190386, 0.00765688, 0.00121692, -0.00688278), (0.000637729, 0.000774679, -7.05988e-05, 0.000322807, -3.59108e-06, -3.47267e-05, -2.92171e-06, 4.07024e-05, -4.826e-05, -7.83684e-06, -2.36374e-05, -6.74628e-05, 0.0, 3.30022e-05, 9.31703e-06, -0.000110608, -1.67411e-05, -0.00107506, 3.7339e-05, 4.49943e-05, 3.37149e-05, -4.41989e-05, 1.05458e-05, 4.12468e-05, -0.00585491, 0.00204104, 0.0105217, -0.000275251, 0.00034636, 0.000200173, 0.000197644, 0.000151791, 0.000169301, 0.00346224, -0.00777204, -0.00694947, 0.000420128, -0.000175646, -0.000657185, 0.00121692, 0.00454854, -0.00207265), (-0.0125622, -0.00538418, 0.00115015, 0.00565065, -0.0020082, 0.0023402, -8.46715e-05, -5.46434e-05, -9.62884e-05, -0.000212479, 0.000312519, -5.78372e-05, 1.64837e-06, -6.0613e-05, -8.44241e-05, -0.00198757, 0.00266796, 0.00411222, -4.75535e-05, 3.51166e-05, -0.000113041, 0.000100012, -2.82481e-05, -0.000310755, 0.0431912, 0.0106209, -0.0692858, -0.000567056, -0.000694849, 0.000803529, -0.000985952, -3.78418e-05, 2.3824e-05, -0.0227585, -0.00323269, 0.0379663, -0.00285483, -6.26227e-05, 0.00526894, -0.00688278, -0.00207265, 0.0182831))\n"
     ]
    },
    {
     "data": {
      "application/3dmoljs_load.v0": "<div id=\"3dmolviewer_17242050251407037\"  style=\"position: relative; width: 400px; height: 400px;\">\n        <p id=\"3dmolwarning_17242050251407037\" style=\"background-color:#ffcccc;color:black\">3Dmol.js failed to load for some reason.  Please check your browser console for error messages.<br></p>\n        </div>\n<script>\n\nvar loadScriptAsync = function(uri){\n  return new Promise((resolve, reject) => {\n    //this is to ignore the existence of requirejs amd\n    var savedexports, savedmodule;\n    if (typeof exports !== 'undefined') savedexports = exports;\n    else exports = {}\n    if (typeof module !== 'undefined') savedmodule = module;\n    else module = {}\n\n    var tag = document.createElement('script');\n    tag.src = uri;\n    tag.async = true;\n    tag.onload = () => {\n        exports = savedexports;\n        module = savedmodule;\n        resolve();\n    };\n  var firstScriptTag = document.getElementsByTagName('script')[0];\n  firstScriptTag.parentNode.insertBefore(tag, firstScriptTag);\n});\n};\n\nif(typeof $3Dmolpromise === 'undefined') {\n$3Dmolpromise = null;\n  $3Dmolpromise = loadScriptAsync('https://cdnjs.cloudflare.com/ajax/libs/3Dmol/2.1.0/3Dmol-min.js');\n}\n\nvar viewer_17242050251407037 = null;\nvar warn = document.getElementById(\"3dmolwarning_17242050251407037\");\nif(warn) {\n    warn.parentNode.removeChild(warn);\n}\n$3Dmolpromise.then(function() {\nviewer_17242050251407037 = $3Dmol.createViewer(document.getElementById(\"3dmolviewer_17242050251407037\"),{backgroundColor:\"white\"});\nviewer_17242050251407037.zoomTo();\n\tviewer_17242050251407037.addModel(\"\\n  automech\\n\\n  0  0  0  0  0  0  0  0  0  0999 V3000\\nM  V30 BEGIN CTAB\\nM  V30 COUNTS 14 13 0 0 0\\nM  V30 BEGIN ATOM\\nM  V30 1 C 0.267 1.223 -0.144 RAD=2 VAL=3\\nM  V30 2 C -1.004 0.836 0.037 RAD=2 VAL=3\\nM  V30 3 H 0.603 2.257 -0.237 RAD=1 VAL=1\\nM  V30 4 C -1.116 -0.659 0.187 RAD=1 VAL=4\\nM  V30 5 H -1.860 1.511 0.107 RAD=1 VAL=1\\nM  V30 6 C 0.274 -1.161 -0.258 RAD=1 VAL=4\\nM  V30 7 H -1.326 -0.919 1.241 RAD=1 VAL=1\\nM  V30 8 H -1.937 -1.091 -0.407 RAD=1 VAL=1\\nM  V30 9 C 1.190 0.058 -0.127 RAD=2 VAL=3\\nM  V30 10 H 0.236 -1.472 -1.314 RAD=1 VAL=1\\nM  V30 11 H 0.628 -2.027 0.321 RAD=1 VAL=1\\nM  V30 12 H 1.733 0.014 0.964 RAD=1 VAL=1\\nM  V30 13 H 2.046 0.095 -0.816 RAD=1 VAL=1\\nM  V30 14 H 2.208 -0.148 1.968 RAD=1 VAL=1\\nM  V30 END ATOM\\nM  V30 BEGIN BOND\\nM  V30 1 1 12 14 CFG=0\\nM  V30 2 1 2 5 CFG=0\\nM  V30 3 1 4 8 CFG=0\\nM  V30 4 1 1 2 CFG=0\\nM  V30 5 1 1 3 CFG=0\\nM  V30 6 1 4 7 CFG=0\\nM  V30 7 1 4 6 CFG=0\\nM  V30 8 1 6 11 CFG=0\\nM  V30 9 1 6 10 CFG=0\\nM  V30 10 1 6 9 CFG=0\\nM  V30 11 1 2 4 CFG=0\\nM  V30 12 1 9 13 CFG=0\\nM  V30 13 1 1 9 CFG=0\\nM  V30 END BOND\\nM  V30 END CTAB\\nM  END\\n\",\"sdf\");\n\tviewer_17242050251407037.setStyle({\"stick\": {}, \"sphere\": {\"radius\": 0.3}});\n\tviewer_17242050251407037.setBackgroundColor(\"0xeeeeee\");\n\tviewer_17242050251407037.zoomTo();\nviewer_17242050251407037.render();\n});\n</script>",
      "text/html": [
       "<div id=\"3dmolviewer_17242050251407037\"  style=\"position: relative; width: 400px; height: 400px;\">\n",
       "        <p id=\"3dmolwarning_17242050251407037\" style=\"background-color:#ffcccc;color:black\">3Dmol.js failed to load for some reason.  Please check your browser console for error messages.<br></p>\n",
       "        </div>\n",
       "<script>\n",
       "\n",
       "var loadScriptAsync = function(uri){\n",
       "  return new Promise((resolve, reject) => {\n",
       "    //this is to ignore the existence of requirejs amd\n",
       "    var savedexports, savedmodule;\n",
       "    if (typeof exports !== 'undefined') savedexports = exports;\n",
       "    else exports = {}\n",
       "    if (typeof module !== 'undefined') savedmodule = module;\n",
       "    else module = {}\n",
       "\n",
       "    var tag = document.createElement('script');\n",
       "    tag.src = uri;\n",
       "    tag.async = true;\n",
       "    tag.onload = () => {\n",
       "        exports = savedexports;\n",
       "        module = savedmodule;\n",
       "        resolve();\n",
       "    };\n",
       "  var firstScriptTag = document.getElementsByTagName('script')[0];\n",
       "  firstScriptTag.parentNode.insertBefore(tag, firstScriptTag);\n",
       "});\n",
       "};\n",
       "\n",
       "if(typeof $3Dmolpromise === 'undefined') {\n",
       "$3Dmolpromise = null;\n",
       "  $3Dmolpromise = loadScriptAsync('https://cdnjs.cloudflare.com/ajax/libs/3Dmol/2.1.0/3Dmol-min.js');\n",
       "}\n",
       "\n",
       "var viewer_17242050251407037 = null;\n",
       "var warn = document.getElementById(\"3dmolwarning_17242050251407037\");\n",
       "if(warn) {\n",
       "    warn.parentNode.removeChild(warn);\n",
       "}\n",
       "$3Dmolpromise.then(function() {\n",
       "viewer_17242050251407037 = $3Dmol.createViewer(document.getElementById(\"3dmolviewer_17242050251407037\"),{backgroundColor:\"white\"});\n",
       "viewer_17242050251407037.zoomTo();\n",
