C  
C  0    R1 
H  0    R2  1    A2 
C  1    R3  0    A3  2    D3 
H  1    R4  0    A4  3    D4 
C  3    R5  1    A5  0    D5 
H  3    R6  1    A6  5    D6 
H  3    R7  1    A7  5    D7 
C  5    R8  3    A8  1    D8 
H  5    R9  3    A9  8    D9 
H  5   R10  3   A10  8   D10 
H  8   R11  5   A11  3   D11 
H  8   R12  5   A12  11   D12 
O  0   R13  1   A13  2   D13 
H  13   R14  0   A14  1   D14 

R1   =   1.347707
R2   =   1.096370
R3   =   1.506416
R4   =   1.095582
R5   =   1.543176
R6   =   1.088329
R7   =   1.119279
R8   =   1.543503
R9   =   1.094048
R10  =   1.098826
R11  =   1.102322
R12  =   1.100447
R13  =   2.360616
R14  =   1.175176
A2   = 124.366798
A3   = 111.537083
A4   = 124.942838
A5   = 103.071083
A6   = 114.311517
A7   = 108.167244
A8   = 105.466921
A9   = 108.926549
A10  = 113.021279
A11  = 113.086718
A12  = 112.725015
A13  =  88.133508
A14  = 101.091057
D3   = 181.154446
D4   = 180.918994
D5   =  15.420712
D6   = 123.854288
D7   = 242.746826
D8   = 338.254470
D9   = 117.440585
D10  = 237.127147
D11  = 142.414218
D12  = 122.042168
D13  = 275.691695
D14  =  20.146998