C  
C  0    R1 
H  0    R2  1    A2 
C  1    R3  0    A3  2    D3 
H  1    R4  0    A4  3    D4 
C  3    R5  1    A5  0    D5 
H  3    R6  1    A6  5    D6 
H  3    R7  1    A7  5    D7 
C  5    R8  3    A8  1    D8 
H  5    R9  3    A9  8    D9 
H  5   R10  3   A10  8   D10 
H  8   R11  5   A11  3   D11 
H  8   R12  5   A12  11   D12 
O  0   R13  1   A13  2   D13 
H  13   R14  0   A14  1   D14 

R1   =   1.347859
R2   =   1.084470
R3   =   1.507066
R4   =   1.090127
R5   =   1.543829
R6   =   1.116631
R7   =   1.096810
R8   =   1.543747
R9   =   1.108275
R10  =   1.099431
R11  =   1.099709
R12  =   1.103962
R13  =   2.351715
R14  =   1.152813
A2   = 125.213862
A3   = 111.535934
A4   = 124.323205
A5   = 103.174211
A6   = 111.568449
A7   = 112.239875
A8   = 105.557416
A9   = 109.289180
A10  = 112.548048
A11  = 112.558028
A12  = 111.879909
A13  =  88.239300
A14  =  94.582765
D3   = 178.891174
D4   = 184.791867
D5   =  14.735150
D6   = 120.744534
D7   = 238.453872
D8   = 339.025165
D9   = 117.618043
D10  = 235.564665
D11  = 141.982476
D12  = 120.362948
D13  = 279.793867
D14  = 312.549186