C  
C  0    R1 
H  0    R2  1    A2 
C  1    R3  0    A3  2    D3 
H  1    R4  0    A4  3    D4 
C  3    R5  1    A5  0    D5 
H  3    R6  1    A6  5    D6 
H  3    R7  1    A7  5    D7 
C  5    R8  3    A8  1    D8 
H  5    R9  3    A9  8    D9 
H  5   R10  3   A10  8   D10 
H  8   R11  5   A11  3   D11 
H  8   R12  5   A12  11   D12 
O  0   R13  1   A13  2   D13 
H  13   R14  0   A14  1   D14 

R1   =   1.347746
R2   =   1.143378
R3   =   1.504908
R4   =   1.067496
R5   =   1.544945
R6   =   1.029609
R7   =   1.171666
R8   =   1.544756
R9   =   1.120177
R10  =   1.104461
R11  =   1.221616
R12  =   1.020459
R13  =   2.434551
R14  =   1.075116
A2   = 128.049885
A3   = 111.870080
A4   = 120.939931
A5   = 103.193898
A6   = 113.086926
A7   = 104.427061
A8   = 105.718012
A9   = 105.722249
A10  = 113.920626
A11  = 106.734120
A12  = 116.205714
A13  =  77.046765
A14  =  99.089780
D3   = 192.592020
D4   = 186.530956
D5   =  12.043857
D6   = 129.235395
D7   = 246.355838
D8   = 340.400809
D9   = 120.782296
D10  = 236.989441
D11  = 144.577371
D12  = 118.090053
D13  = 258.695840
D14  =  82.742634