C  
C  0    R1 
H  0    R2  1    A2 
C  1    R3  0    A3  2    D3 
H  1    R4  0    A4  3    D4 
C  3    R5  1    A5  0    D5 
H  3    R6  1    A6  5    D6 
H  3    R7  1    A7  5    D7 
C  5    R8  3    A8  1    D8 
H  5    R9  3    A9  8    D9 
H  5   R10  3   A10  8   D10 
H  8   R11  5   A11  3   D11 
H  8   R12  5   A12  11   D12 
O  0   R13  1   A13  2   D13 
H  13   R14  0   A14  1   D14 

R1   =   1.367367
R2   =   1.086900
R3   =   1.500277
R4   =   1.137108
R5   =   1.544294
R6   =   1.192559
R7   =   1.061047
R8   =   1.546928
R9   =   1.096850
R10  =   1.094209
R11  =   1.012152
R12  =   1.189796
R13  =   2.074549
R14  =   0.903987
A2   = 122.397634
A3   = 111.261198
A4   = 129.066525
A5   = 103.425957
A6   = 112.645725
A7   = 113.249199
A8   = 105.934217
A9   = 113.120120
A10  = 110.986704
A11  = 119.909311
A12  = 109.217354
A13  =  89.331384
A14  =  96.229290
D3   = 168.923502
D4   = 180.120768
D5   =  18.392836
D6   = 116.847611
D7   = 234.731244
D8   = 339.898371
D9   = 114.956258
D10  = 236.656899
D11  = 132.055559
D12  = 126.309061
D13  = 280.057420
D14  =  59.848678