%mem=28GB
%NProcShared=6
#P wb97xd/def2svp
# SCF=(xqc)
# POpt=(CALCFC,TS,NOEIGEN,MAXCYCLES=60)
# int=ultrafine

comment: 

0 2
C  
C  1    R1 
H  1    R2  2    A2 
C  2    R3  1    A3  3    D3 
H  2    R4  1    A4  4    D4 
H  2    R5  1    A5  4    D5 
C  4    R6  2    A6  1    D6 
H  4    R7  2    A7  7    D7 
H  4    R8  2    A8  7    D8 
C  7    R9  4    A9  2    D9 
O  7   R10  4   A10  10   D10 
H  7   R11  4   A11  10   D11 
H  10   R12  7   A12  4   D12 
H  10   R13  7   A13  13   D13 
O  11   R14  7   A14  10   D14 
H  15   R15  11   A15  7   D15 
  Variables:
R1   =   1.503302
R2   =   1.093274
R3   =   1.549486
R4   =   1.100591
R5   =   1.103595
R6   =   1.505628
R7   =   1.101500
R8   =   1.102446
R9   =   2.212869
R10  =   1.356956
R11  =   1.101857
R12  =   1.094343
R13  =   1.094591
R14  =   1.469706
R15  =   0.966938
A2   = 119.245836
A3   = 107.377609
A4   = 108.746939
A5   = 113.426743
A6   = 109.724079
A7   = 111.014343
A8   = 111.024827
A9   =  89.206525
A10  = 117.314667
A11  = 118.550337
A12  = 119.854991
A13  =  80.388028
A14  = 108.176889
A15  =  99.651011
D3   = 139.145677
D4   = 240.503348
D5   = 122.638899
D6   = 334.577830
D7   = 119.545649
D8   = 237.993394
D9   =  39.731512
D10  = 257.099159
D11  = 111.673972
D12  = 187.547186
D13  = 247.191661
D14  = 191.836123
D15  = 247.631230

