%mem=28GB
%NProcShared=6
#P wb97xd/def2svp
# SCF=(xqc)
# POpt=(CALCFC,TS,NOEIGEN,MAXCYCLES=60)
# int=ultrafine

comment: 

0 2
C  
C  1    R1 
H  1    R2  2    A2 
C  2    R3  1    A3  3    D3 
H  2    R4  1    A4  4    D4 
H  2    R5  1    A5  4    D5 
C  4    R6  2    A6  1    D6 
H  4    R7  2    A7  7    D7 
C  7    R8  4    A8  2    D8 
O  7    R9  4    A9  9    D9 
H  7   R10  4   A10  9   D10 
H  9   R11  7   A11  4   D11 
O  10   R12  7   A12  4   D12 
H  13   R13  10   A13  7   D13 
  Variables:
R1   =   1.523802
R2   =   1.097779
R3   =   1.499452
R4   =   1.103828
R5   =   1.099833
R6   =   1.371340
R7   =   1.092992
R8   =   2.262222
R9   =   1.380969
R10  =   1.096538
R11  =   1.089678
R12  =   1.433934
R13  =   0.966959
A2   = 119.914265
A3   = 103.327486
A4   = 109.335387
A5   = 111.980371
A6   = 117.106862
A7   = 119.183493
A8   =  83.926911
A9   = 122.240563
A10  = 121.215868
A11  = 127.526754
A12  = 106.238655
A13  = 100.198004
D3   = 193.458459
D4   = 240.440289
D5   = 121.329938
D6   = 309.762196
D7   = 151.032383
D8   =  45.473988
D9   = 278.247763
D10  = 118.662007
D11  = 158.786830
D12  = 253.166265
D13  = 235.663111

