%mem=28GB
%NProcShared=6
#P wb97xd/def2svp
# SCF=(xqc)
# POpt=(CALCFC,TS,NOEIGEN,MAXCYCLES=60)
# int=ultrafine

comment: 

0 2
C  
C  1    R1 
H  1    R2  2    A2 
C  2    R3  1    A3  3    D3 
H  2    R4  1    A4  4    D4 
H  2    R5  1    A5  4    D5 
C  4    R6  2    A6  1    D6 
H  4    R7  2    A7  7    D7 
H  4    R8  2    A8  7    D8 
C  7    R9  4    A9  2    D9 
H  7   R10  4   A10  10   D10 
H  7   R11  4   A11  10   D11 
H  10   R12  7   A12  4   D12 
O  10   R13  7   A13  13   D13 
O  14   R14  10   A14  1   D14 
H  15   R15  14   A15  10   D15 
  Variables:
R1   =   1.498700
R2   =   1.093200
R3   =   1.559700
R4   =   1.100300
R5   =   1.098900
R6   =   1.509400
R7   =   1.102700
R8   =   1.101300
R9   =   2.257000
R10  =   1.092500
R11  =   1.094100
R12  =   1.100900
R13  =   1.376300
R14  =   1.412400
R15  =   0.970100
A2   = 119.498400
A3   = 103.119600
A4   = 111.097900
A5   = 113.226700
A6   = 109.945500
A7   = 110.407900
A8   = 108.559700
A9   =  95.976700
A10  = 119.013200
A11  = 118.631100
A12  = 112.290000
A13  =  95.729700
A14  = 111.609900
A15  = 103.360700
D3   = 273.344200
D4   = 242.151900
D5   = 120.705100
D6   = 322.609600
D7   = 236.829200
D8   = 120.077400
D9   =  11.584600
D10  = 262.233500
D11  = 113.730700
D12  = 141.575900
D13  = 118.894900
D14  = 199.596500
D15  = 303.653800

