%mem=28GB
%NProcShared=6
#P wb97xd/def2svp
# SCF=(xqc)
# POpt=(CALCFC,TS,NOEIGEN,MAXCYCLES=60)
# int=ultrafine

comment: 

0 2
C  
C  1    R1 
H  1    R2  2    A2 
C  2    R3  1    A3  3    D3 
H  2    R4  1    A4  4    D4 
H  2    R5  1    A5  4    D5 
C  4    R6  2    A6  1    D6 
H  4    R7  2    A7  7    D7 
O  7    R8  4    A8  2    D8 
H  7    R9  4    A9  9    D9 
C  7   R10  4   A10  9   D10 
H  11   R11  7   A11  4   D11 
O  9   R12  7   A12  4   D12 
H  13   R13  9   A13  7   D13 
  Variables:
R1   =   1.522793
R2   =   1.098023
R3   =   1.499204
R4   =   1.103842
R5   =   1.099851
R6   =   1.363688
R7   =   1.092810
R8   =   1.379019
R9   =   1.096147
R10  =   2.288843
R11  =   1.089929
R12  =   1.432700
R13  =   0.966946
A2   = 119.919904
A3   = 103.387553
A4   = 109.373389
A5   = 111.964662
A6   = 117.638529
A7   = 119.295464
A8   = 122.673727
A9   = 121.456180
A10  =  83.013587
A11  = 127.921003
A12  = 106.345123
A13  = 100.189035
D3   = 192.581969
D4   = 240.437918
D5   = 121.324763
D6   = 308.858168
D7   = 152.234646
D8   = 326.741107
D9   = 198.142357
D10  =  79.532670
D11  = 158.692477
D12  = 248.034394
D13  = 234.742215

