O  
O  0    R1 
H  0    R2  1    A2 
C  1    R3  0    A3  2    D3 
C  3    R4  1    A4  0    D4 
H  3    R5  1    A5  4    D5 
C  4    R6  3    A6  1    D6 
H  4    R7  3    A7  6    D7 
H  4    R8  3    A8  6    D8 
C  6    R9  4    A9  3    D9 
H  6   R10  4   A10  9   D10 
H  6   R11  4   A11  9   D11 
C  9   R12  6   A12  4   D12 
H  9   R13  6   A13  12   D13 
H  12   R14  9   A14  6   D14 
H  12   R15  9   A15  14   D15 

R1   =   1.448524
R2   =   0.972944
R3   =   1.375258
R4   =   1.493880
R5   =   1.081863
R6   =   1.562487
R7   =   1.096099
R8   =   1.097495
R9   =   1.500946
R10  =   1.068782
R11  =   1.096599
R12  =   1.338925
R13  =   1.084162
R14  =   1.081967
R15  =   1.081765
A2   =  95.991070
A3   = 106.834691
A4   = 122.363163
A5   = 110.154258
A6   = 111.956900
A7   = 107.450241
A8   = 110.336583
A9   = 109.954589
A10  = 109.450027
A11  = 107.875417
A12  = 124.022760
A13  = 116.942045
A14  = 121.662201
A15  = 120.884201
D3   = 256.136374
D4   = 325.173526
D5   = 205.438971
D6   = 292.382778
D7   = 122.539346
D8   = 238.214130
D9   = 174.329304
D10  = 121.028257
D11  = 239.111499
D12  = 242.815856
D13  = 179.902177
D14  = 357.072424
D15  = 180.192977