C  
C  1    R1 
C  1    R2  2    A2 
H  1    R3  2    A3  3    D3 
C  2    R4  1    A4  3    D4 
H  2    R5  1    A5  5    D5 
H  2    R6  1    A6  5    D6 
O  5    R7  2    A7  1    D7 
H  5    R8  2    A8  8    D8 
O  8    R9  5    A9  2    D9 
C  3   R10  1   A10  2   D10 
H  3   R11  1   A11  11   D11 
H  3   R12  1   A12  11   D12 
H  11   R13  3   A13  1   D13 
H  11   R14  3   A14  14   D14 
H  10   R15  8   A15  5   D15 

R1   =   1.500692
R2   =   1.499019
R3   =   1.093044
R4   =   1.521367
R5   =   1.097447
R6   =   1.106965
R7   =   1.428468
R8   =   1.098618
R9   =   1.714951
R10  =   1.549607
R11  =   1.099890
R12  =   1.105875
R13  =   1.097665
R14  =   1.100932
R15  =   0.967199
A2   = 108.463947
A3   = 125.453159
A4   =  88.560784
A5   = 113.770399
A6   = 114.816594
A7   =  94.647157
A8   = 120.568324
A9   = 100.618923
A10  = 101.393641
A11  = 111.677429
A12  = 111.134331
A13  = 112.722073
A14  = 113.157766
A15  =  93.424144
D3   = 163.996753
D4   =  53.593772
D5   = 113.830307
D6   = 242.153219
D7   =  48.634891
D8   = 118.723938
D9   = 166.110197
D10  = 329.619424
D11  = 239.165445
D12  = 119.785971
D13  = 235.659744
D14  = 235.770042
D15  = 180.623658