%mem=28GB
%NProcShared=6
#P wb97xd/def2svp
# SCF=(xqc)
# POpt=()
# int=ultrafine

comment: 

0 2
C  
C  1    R1 
C  1    R2  2    A2 
H  1    R3  2    A3  3    D3 
C  2    R4  1    A4  3    D4 
H  2    R5  1    A5  5    D5 
H  2    R6  1    A6  5    D6 
O  5    R7  2    A7  1    D7 
H  5    R8  2    A8  8    D8 
O  8    R9  5    A9  2    D9 
C  3   R10  1   A10  2   D10 
H  3   R11  1   A11  11   D11 
H  11   R12  3   A12  1   D12 
H  10   R13  8   A13  5   D13 
  Variables:
R1   =   1.503422
R2   =   1.503102
R3   =   1.092337
R5   =   1.096773
R6   =   1.105953
R8   =   1.097663
R10  =   1.553216
R11  =   1.099229
R12  =   1.097225
R13  =   0.966059
A2   = 108.412682
A3   = 125.390834
A5   = 113.818452
A6   = 114.792887
A8   = 120.390951
A9   = 100.925337
A10  = 101.262312
A11  = 145.556939
A12  = 112.801604
A13  =  93.908908
D3   = 163.025749
D5   = 113.863667
D6   = 242.320362
D8   = 118.847766
D9   = 164.244572
D10  = 329.203038
D11  = 179.999999
D12  = 180.000000
D13  = 175.127375
  Constants:
R4   =   1.524019
A4   =  88.368064
D4   =  53.979901
R7   =   1.430244
A7   =  94.851485
D7   =  48.498804
R9   =   1.713551

