C  
C  1    R1 
H  1    R2  2    A2 
C  2    R3  1    A3  3    D3 
H  2    R4  1    A4  4    D4 
H  2    R5  1    A5  4    D5 
O  4    R6  2    A6  1    D6 
C  4    R7  2    A7  7    D7 
H  4    R8  2    A8  7    D8 
O  7    R9  4    A9  2    D9 
C  8   R10  4   A10  2   D10 
H  8   R11  4   A11  11   D11 
H  8   R12  4   A12  11   D12 
H  11   R13  8   A13  4   D13 
H  11   R14  8   A14  14   D14 
H  10   R15  7   A15  4   D15 

R1   =   1.500692
R2   =   1.093044
R3   =   1.521367
R4   =   1.097447
R5   =   1.106965
R6   =   1.428468
R7   =   1.527528
R8   =   1.098618
R9   =   1.714951
R10  =   1.549607
R11  =   1.097665
R12  =   1.100932
R13  =   1.099890
R14  =   1.105875
R15  =   0.967199
A2   = 125.453159
A3   =  88.560784
A4   = 113.770399
A5   = 114.816594
A6   =  94.647157
A7   = 104.394010
A8   = 120.568324
A9   = 100.618923
A10  =  99.558450
A11  = 109.836573
A12  = 112.351774
A13  = 113.200774
A14  = 112.518996
A15  =  93.424144
D3   = 217.590525
D4   = 113.830307
D5   = 242.153219
D6   =  48.634891
D7   = 253.265481
D8   = 118.723938
D9   = 166.110197
D10  =  43.601950
D11  = 118.499651
D12  = 239.970976
D13  = 111.750446
D14  = 121.444836
D15  = 180.623658