%mem=28GB
%NProcShared=6
#P wb97xd/def2svp
# SCF=(xqc)
# POpt=()
# int=ultrafine

comment: 

0 2
C  
C  1    R1 
H  1    R2  2    A2 
C  2    R3  1    A3  3    D3 
H  2    R4  1    A4  4    D4 
C  4    R5  2    A5  1    D5 
H  4    R6  2    A6  6    D6 
C  6    R7  4    A7  2    D7 
H  6    R8  4    A8  8    D8 
H  6    R9  4    A9  8    D9 
H  8   R10  6   A10  4   D10 
O  8   R11  6   A11  11   D11 
O  12   R12  8   A12  1   D12 
H  13   R13  12   A13  8   D13 
  Variables:
R1   =   1.498667
R2   =   1.083671
R3   =   1.561222
R4   =   1.090213
R5   =   1.510697
R6   =   1.092783
R8   =   1.082620
R9   =   1.083441
R10  =   1.085260
R11  =   1.386921
R12  =   1.457216
R13  =   0.967101
A2   = 119.078709
A3   = 101.931384
A4   = 113.248925
A5   = 109.142740
A6   = 108.380962
A7   =  96.760972
A8   = 118.579131
A9   = 118.607591
A10  = 110.864247
A11  =  95.267250
A12  = 107.137570
A13  =  98.983098
D3   = 275.281984
D4   = 120.045858
D5   = 322.170745
D6   = 119.495749
D7   =  12.326883
D8   = 260.589829
D9   = 112.749732
D10  = 143.001278
D11  = 117.567361
D12  = 199.861787
D13  = 232.093665
  Constants:
R7   =   2.225485

