%mem=28GB
%NProcShared=6
#P wb97xd/def2svp
# SCF=(xqc)
# POpt=(CALCFC,TS,NOEIGEN,MAXCYCLES=60)
# int=ultrafine

comment: 

0 2
C  
C  1    R1 
H  1    R2  2    A2 
C  2    R3  1    A3  3    D3 
H  2    R4  1    A4  4    D4 
H  2    R5  1    A5  4    D5 
C  4    R6  2    A6  1    D6 
H  4    R7  2    A7  7    D7 
H  4    R8  2    A8  7    D8 
C  7    R9  4    A9  2    D9 
H  7   R10  4   A10  10   D10 
H  7   R11  4   A11  10   D11 
H  10   R12  7   A12  4   D12 
O  10   R13  7   A13  13   D13 
O  14   R14  10   A14  7   D14 
H  15   R15  14   A15  10   D15 
  Variables:
R1   =   1.500300
R2   =   1.093500
R3   =   1.553900
R4   =   1.103400
R5   =   1.101800
R6   =   1.501500
R7   =   1.102100
R8   =   1.103900
R9   =   2.234500
R10  =   1.094800
R11  =   1.094100
R12  =   1.101100
R13  =   1.364200
R14  =   1.436700
R15  =   0.969500
A2   = 120.857300
A3   = 108.011000
A4   = 113.284900
A5   = 108.641600
A6   = 109.839800
A7   = 109.913500
A8   = 109.926500
A9   =  89.072700
A10  = 118.121100
A11  = 119.370400
A12  =  82.556200
A13  = 117.010700
A14  = 110.246700
A15  = 103.437500
D3   = 137.650900
D4   = 122.832800
D5   = 240.079400
D6   = 333.799300
D7   = 120.259900
D8   = 236.476900
D9   =  39.562900
D10  = 257.747200
D11  = 109.856900
D12  =  77.450100
D13  = 113.431300
D14  = 209.577000
D15  = 340.953100

