C  
C  0    R1 
H  0    R2  1    A2 
C  1    R3  0    A3  2    D3 
H  1    R4  0    A4  3    D4 
C  3    R5  1    A5  0    D5 
H  3    R6  1    A6  5    D6 
H  3    R7  1    A7  5    D7 
C  5    R8  3    A8  1    D8 
H  5    R9  3    A9  8    D9 
H  5   R10  3   A10  8   D10 
H  8   R11  5   A11  3   D11 
H  8   R12  5   A12  11   D12 
O  0   R13  1   A13  2   D13 
H  13   R14  0   A14  1   D14 

R1   =   1.337318
R2   =   1.107018
R3   =   1.510011
R4   =   1.106999
R5   =   1.543717
R6   =   1.094395
R7   =   1.110093
R8   =   1.543726
R9   =   1.091294
R10  =   1.098938
R11  =   1.094396
R12  =   1.110091
R13  =   3.083475
R14  =   1.096800
A2   = 124.586576
A3   = 111.786590
A4   = 124.587807
A5   = 102.894830
A6   = 114.444494
A7   = 106.837218
A8   = 105.535956
A9   = 109.056010
A10  = 112.531415
A11  = 113.404556
A12  = 112.114625
A13  =  77.479397
A14  =  26.450364
D3   = 183.708691
D4   = 176.315494
D5   =  13.805068
D6   = 123.482614
D7   = 241.784839
D8   = 338.521036
D9   = 117.035690
D10  = 236.912754
D11  = 145.649254
D12  = 121.386517
D13  = 254.163552
D14  =  63.479945