C  
C  0    R1 
H  0    R2  1    A2 
C  1    R3  0    A3  2    D3 
H  1    R4  0    A4  3    D4 
C  3    R5  1    A5  0    D5 
H  3    R6  1    A6  5    D6 
H  3    R7  1    A7  5    D7 
C  5    R8  3    A8  1    D8 
H  5    R9  3    A9  8    D9 
H  5   R10  3   A10  8   D10 
H  8   R11  5   A11  3   D11 
H  8   R12  5   A12  11   D12 
O  0   R13  1   A13  2   D13 
H  13   R14  0   A14  1   D14 

R1   =   1.338122
R2   =   1.089366
R3   =   1.508761
R4   =   1.089388
R5   =   1.544698
R6   =   1.111447
R7   =   1.102463
R8   =   1.544706
R9   =   1.111310
R10  =   1.098959
R11  =   1.111445
R12  =   1.102464
R13  =   2.967222
R14  =   1.204082
A2   = 125.016959
A3   = 111.922797
A4   = 125.015270
A5   = 103.017547
A6   = 111.296218
A7   = 112.373664
A8   = 105.841205
A9   = 109.375439
A10  = 112.983868
A11  = 112.073374
A12  = 111.623638
A13  =  76.972421
A14  =  88.045157
D3   = 172.479807
D4   = 187.544839
D5   =  12.655204
D6   = 120.271106
D7   = 239.722151
D8   = 340.303462
D9   = 117.732117
D10  = 235.858660
D11  = 139.431705
D12  = 119.472932
D13  = 267.698826
D14  =  89.550960